a=0.0050  b1=0.0100  Dc=10.000 law=d k=0.001 Vo =1.000

-10.000	0.600000000
0.0000	0.600000000
0.100000000	0.599900993
0.200000000	0.599803947
0.300000000	0.599708821
0.400000000	0.599615578
0.500000000	0.599524178
0.600000000	0.599434583
0.700000000	0.599346757
0.800000000	0.599260662
0.900000000	0.599176261
1.000000000	0.599093520
1.100000000	0.599012403
1.200000000	0.598932874
1.300000000	0.598854901
1.400000000	0.598778449
1.500000000	0.598703485
1.600000000	0.598629978
1.700000000	0.598557895
1.800000000	0.598487206
1.900000000	0.598417879
2.000000000	0.598349885
2.100000000	0.598283195
2.200000000	0.598217779
2.300000000	0.598153610
2.400000000	0.598090659
2.500000000	0.598028901
2.600000000	0.597968307
2.700000000	0.597908854
2.800000000	0.597850514
2.900000000	0.597793264
3.000000000	0.597737079
3.100000000	0.597681936
3.200000000	0.597627811
3.300000000	0.597574681
3.400000000	0.597522525
3.500000000	0.597471321
3.600000000	0.597421048
3.700000000	0.597371684
3.800000000	0.597323211
3.900000000	0.597275608
4.000000000	0.597228856
4.100000000	0.597182936
4.200000000	0.597137830
4.300000000	0.597093520
4.400000000	0.597049988
4.500000000	0.597007218
4.600000000	0.596965193
4.700000000	0.596923896
4.800000000	0.596883311
4.900000000	0.596843424
5.000000000	0.596804218
5.100000000	0.596765680
5.200000000	0.596727795
5.300000000	0.596690548
5.400000000	0.596653926
5.500000000	0.596617916
5.600000000	0.596582505
5.700000000	0.596547679
5.800000000	0.596513427
5.900000000	0.596479735
6.000000000	0.596446593
6.100000000	0.596413989
6.200000000	0.596381912
6.300000000	0.596350349
6.400000000	0.596319292
6.500000000	0.596288729
6.600000000	0.596258649
6.700000000	0.596229044
6.800000000	0.596199903
6.900000000	0.596171216
7.000000000	0.596142975
7.100000000	0.596115170
7.200000000	0.596087793
7.300000000	0.596060834
7.400000000	0.596034286
7.500000000	0.596008140
7.600000000	0.595982388
7.700000000	0.595957022
7.800000000	0.595932035
7.900000000	0.595907419
8.000000000	0.595883166
8.100000000	0.595859270
8.200000000	0.595835724
8.300000000	0.595812520
8.400000000	0.595789653
8.500000000	0.595767115
8.600000000	0.595744900
8.700000000	0.595723002
8.800000000	0.595701416
8.900000000	0.595680134
9.000000000	0.595659151
9.100000000	0.595638463
9.200000000	0.595618062
9.300000000	0.595597944
9.400000000	0.595578103
9.500000000	0.595558535
9.600000000	0.595539233
9.700000000	0.595520194
9.800000000	0.595501412
9.900000000	0.595482883
10.000000000	0.595464603
10.100000000	0.595446565
10.200000000	0.595428767
10.300000000	0.595411204
10.400000000	0.595393871
10.500000000	0.595376765
10.600000000	0.595359881
10.700000000	0.595343216
10.800000000	0.595326765
10.900000000	0.595310526
11.000000000	0.595294493
11.100000000	0.595278665
11.200000000	0.595263036
11.300000000	0.595247604
11.400000000	0.595232364
11.500000000	0.595217315
11.600000000	0.595202453
11.700000000	0.595187774
11.800000000	0.595173275
11.900000000	0.595158953
12.000000000	0.595144806
12.100000000	0.595130830
12.200000000	0.595117023
12.300000000	0.595103381
12.400000000	0.595089902
12.500000000	0.595076584
12.600000000	0.595063423
12.700000000	0.595050417
12.800000000	0.595037564
12.900000000	0.595024861
13.000000000	0.595012305
13.100000000	0.594999895
13.200000000	0.594987628
13.300000000	0.594975501
13.400000000	0.594963513
13.500000000	0.594951660
13.600000000	0.594939942
13.700000000	0.594928356
13.800000000	0.594916900
13.900000000	0.594905571
14.000000000	0.594894369
14.100000000	0.594883290
14.200000000	0.594872334
14.300000000	0.594861497
14.400000000	0.594850779
14.500000000	0.594840177
14.600000000	0.594829690
14.700000000	0.594819316
14.800000000	0.594809053
14.900000000	0.594798900
15.000000000	0.594788855
15.100000000	0.594778916
15.200000000	0.594769082
15.300000000	0.594759351
15.400000000	0.594749722
15.500000000	0.594740194
15.600000000	0.594730764
15.700000000	0.594721431
15.800000000	0.594712194
15.900000000	0.594703052
16.000000000	0.594694003
16.100000000	0.594685046
16.200000000	0.594676179
16.300000000	0.594667401
16.400000000	0.594658712
16.500000000	0.594650109
16.600000000	0.594641592
16.700000000	0.594633159
16.800000000	0.594624810
16.900000000	0.594616542
17.000000000	0.594608355
17.100000000	0.594600248
17.200000000	0.594592219
17.300000000	0.594584268
17.400000000	0.594576394
17.500000000	0.594568595
17.600000000	0.594560871
17.700000000	0.594553220
17.800000000	0.594545641
17.900000000	0.594538134
18.000000000	0.594530697
18.100000000	0.594523330
18.200000000	0.594516032
18.300000000	0.594508801
18.400000000	0.594501638
18.500000000	0.594494540
18.600000000	0.594487507
18.700000000	0.594480539
18.800000000	0.594473634
18.900000000	0.594466792
19.000000000	0.594460012
19.100000000	0.594453292
19.200000000	0.594446633
19.300000000	0.594440034
19.400000000	0.594433493
19.500000000	0.594427010
19.600000000	0.594420584
19.700000000	0.594414215
19.800000000	0.594407902
19.900000000	0.594401644
20.000000000	0.594395440
20.100000000	0.594389290
20.200000000	0.594383194
20.300000000	0.594377149
20.400000000	0.594371157
20.500000000	0.594365215
20.600000000	0.594359325
20.700000000	0.594353484
20.800000000	0.594347692
20.900000000	0.594341950
21.000000000	0.594336255
21.100000000	0.594330608
21.200000000	0.594325008
21.300000000	0.594319455
21.400000000	0.594313947
21.500000000	0.594308485
21.600000000	0.594303067
21.700000000	0.594297694
21.800000000	0.594292365
21.900000000	0.594287079
22.000000000	0.594281835
22.100000000	0.594276634
22.200000000	0.594271475
22.300000000	0.594266357
22.400000000	0.594261280
22.500000000	0.594256244
22.600000000	0.594251247
22.700000000	0.594246290
22.800000000	0.594241371
22.900000000	0.594236492
23.000000000	0.594231650
23.100000000	0.594226846
23.200000000	0.594222080
23.300000000	0.594217350
23.400000000	0.594212657
23.500000000	0.594207999
23.600000000	0.594203378
23.700000000	0.594198792
23.800000000	0.594194240
23.900000000	0.594189724
24.000000000	0.594185241
24.100000000	0.594180792
24.200000000	0.594176376
24.300000000	0.594171994
24.400000000	0.594167644
24.500000000	0.594163326
24.600000000	0.594159041
24.700000000	0.594154787
24.800000000	0.594150565
24.900000000	0.594146373
25.000000000	0.594142212
25.100000000	0.594138081
25.200000000	0.594133981
25.300000000	0.594129910
25.400000000	0.594125868
25.500000000	0.594121856
25.600000000	0.594117872
25.700000000	0.594113917
25.800000000	0.594109990
25.900000000	0.594106091
26.000000000	0.594102219
26.100000000	0.594098375
26.200000000	0.594094558
26.300000000	0.594090768
26.400000000	0.594087004
26.500000000	0.594083267
26.600000000	0.594079555
26.700000000	0.594075869
26.800000000	0.594072209
26.900000000	0.594068574
27.000000000	0.594064963
27.100000000	0.594061378
27.200000000	0.594057817
27.300000000	0.594054280
27.400000000	0.594050767
27.500000000	0.594047278
27.600000000	0.594043812
27.700000000	0.594040370
27.800000000	0.594036951
27.900000000	0.594033554
28.000000000	0.594030181
28.100000000	0.594026829
28.200000000	0.594023500
28.300000000	0.594020193
28.400000000	0.594016907
28.500000000	0.594013643
28.600000000	0.594010401
28.700000000	0.594007180
28.800000000	0.594003979
28.900000000	0.594000799
29.000000000	0.593997640
29.100000000	0.593994502
29.200000000	0.593991383
29.300000000	0.593988285
29.400000000	0.593985206
29.500000000	0.593982147
29.600000000	0.593979107
29.700000000	0.593976086
29.800000000	0.593973085
29.900000000	0.593970103
30.000000000	0.593967139
30.100000000	0.593964194
30.200000000	0.593961267
30.300000000	0.593958359
30.400000000	0.593955468
30.500000000	0.593952596
30.600000000	0.593949741
30.700000000	0.593946904
30.800000000	0.593944084
30.900000000	0.593941281
31.000000000	0.593938496
31.100000000	0.593935727
31.200000000	0.593932976
31.300000000	0.593930241
31.400000000	0.593927522
31.500000000	0.593924820
31.600000000	0.593922135
31.700000000	0.593919465
31.800000000	0.593916811
31.900000000	0.593914173
32.000000000	0.593911551
32.100000000	0.593908944
32.200000000	0.593906353
32.300000000	0.593903777
32.400000000	0.593901216
32.500000000	0.593898670
32.600000000	0.593896139
32.700000000	0.593893623
32.800000000	0.593891121
32.900000000	0.593888634
33.000000000	0.593886162
33.100000000	0.593883703
33.200000000	0.593881259
33.300000000	0.593878829
33.400000000	0.593876412
33.500000000	0.593874010
33.600000000	0.593871621
33.700000000	0.593869246
33.800000000	0.593866884
33.900000000	0.593864535
34.000000000	0.593862200
34.100000000	0.593859878
34.200000000	0.593857569
34.300000000	0.593855273
34.400000000	0.593852990
34.500000000	0.593850719
34.600000000	0.593848461
34.700000000	0.593846215
34.800000000	0.593843982
34.900000000	0.593841761
35.000000000	0.593839553
35.100000000	0.593837356
35.200000000	0.593835172
35.300000000	0.593832999
35.400000000	0.593830838
35.500000000	0.593828689
35.600000000	0.593826552
35.700000000	0.593824426
35.800000000	0.593822312
35.900000000	0.593820209
36.000000000	0.593818117
36.100000000	0.593816036
36.200000000	0.593813967
36.300000000	0.593811908
36.400000000	0.593809861
36.500000000	0.593807824
36.600000000	0.593805798
36.700000000	0.593803782
36.800000000	0.593801778
36.900000000	0.593799783
37.000000000	0.593797800
37.100000000	0.593795826
37.200000000	0.593793863
37.300000000	0.593791910
37.400000000	0.593789967
37.500000000	0.593788034
37.600000000	0.593786112
37.700000000	0.593784199
37.800000000	0.593782295
37.900000000	0.593780402
38.000000000	0.593778518
38.100000000	0.593776644
38.200000000	0.593774779
38.300000000	0.593772924
38.400000000	0.593771079
38.500000000	0.593769242
38.600000000	0.593767415
38.700000000	0.593765597
38.800000000	0.593763788
38.900000000	0.593761988
39.000000000	0.593760197
39.100000000	0.593758415
39.200000000	0.593756642
39.300000000	0.593754877
39.400000000	0.593753122
39.500000000	0.593751375
39.600000000	0.593749636
39.700000000	0.593747907
39.800000000	0.593746185
39.900000000	0.593744472
40.000000000	0.593742768
40.100000000	0.593741071
40.200000000	0.593739383
40.300000000	0.593737703
40.400000000	0.593736031
40.500000000	0.593734368
40.600000000	0.593732712
40.700000000	0.593731064
40.800000000	0.593729424
40.900000000	0.593727792
41.000000000	0.593726168
41.100000000	0.593724551
41.200000000	0.593722942
41.300000000	0.593721341
41.400000000	0.593719747
41.500000000	0.593718161
41.600000000	0.593716582
41.700000000	0.593715011
41.800000000	0.593713447
41.900000000	0.593711890
42.000000000	0.593710341
42.100000000	0.593708799
42.200000000	0.593707264
42.300000000	0.593705736
42.400000000	0.593704215
42.500000000	0.593702701
42.600000000	0.593701194
42.700000000	0.593699694
42.800000000	0.593698201
42.900000000	0.593696715
43.000000000	0.593695235
43.100000000	0.593693763
43.200000000	0.593692297
43.300000000	0.593690837
43.400000000	0.593689384
43.500000000	0.593687938
43.600000000	0.593686498
43.700000000	0.593685065
43.800000000	0.593683638
43.900000000	0.593682218
44.000000000	0.593680804
44.100000000	0.593679396
44.200000000	0.593677995
44.300000000	0.593676599
44.400000000	0.593675210
44.500000000	0.593673827
44.600000000	0.593672451
44.700000000	0.593671080
44.800000000	0.593669715
44.900000000	0.593668356
45.000000000	0.593667003
45.100000000	0.593665656
45.200000000	0.593664315
45.300000000	0.593662980
45.400000000	0.593661651
45.500000000	0.593660327
45.600000000	0.593659009
45.700000000	0.593657697
45.800000000	0.593656390
45.900000000	0.593655089
46.000000000	0.593653794
46.100000000	0.593652504
46.200000000	0.593651220
46.300000000	0.593649941
46.400000000	0.593648667
46.500000000	0.593647399
46.600000000	0.593646137
46.700000000	0.593644879
46.800000000	0.593643627
46.900000000	0.593642381
47.000000000	0.593641139
47.100000000	0.593639903
47.200000000	0.593638672
47.300000000	0.593637446
47.400000000	0.593636225
47.500000000	0.593635009
47.600000000	0.593633799
47.700000000	0.593632593
47.800000000	0.593631392
47.900000000	0.593630196
48.000000000	0.593629006
48.100000000	0.593627820
48.200000000	0.593626639
48.300000000	0.593625462
48.400000000	0.593624291
48.500000000	0.593623124
48.600000000	0.593621963
48.700000000	0.593620805
48.800000000	0.593619653
48.900000000	0.593618505
49.000000000	0.593617362
49.100000000	0.593616224
49.200000000	0.593615090
49.300000000	0.593613960
49.400000000	0.593612835
49.500000000	0.593611715
49.600000000	0.593610599
49.700000000	0.593609488
49.800000000	0.593608381
49.900000000	0.593607278
50.000000000	0.593606180
50.100000000	0.593605086
50.200000000	0.593603997
50.300000000	0.593602912
50.400000000	0.593601831
50.500000000	0.593600754
50.600000000	0.593599681
50.700000000	0.593598613
50.800000000	0.593597549
50.900000000	0.593596489
51.000000000	0.593595433
51.100000000	0.593594382
51.200000000	0.593593334
51.300000000	0.593592290
51.400000000	0.593591251
51.500000000	0.593590215
51.600000000	0.593589184
51.700000000	0.593588156
51.800000000	0.593587133
51.900000000	0.593586113
52.000000000	0.593585097
52.100000000	0.593584085
52.200000000	0.593583077
52.300000000	0.593582073
52.400000000	0.593581072
52.500000000	0.593580076
52.600000000	0.593579083
52.700000000	0.593578094
52.800000000	0.593577108
52.900000000	0.593576127
53.000000000	0.593575149
53.100000000	0.593574174
53.200000000	0.593573204
53.300000000	0.593572237
53.400000000	0.593571273
53.500000000	0.593570313
53.600000000	0.593569357
53.700000000	0.593568404
53.800000000	0.593567455
53.900000000	0.593566510
54.000000000	0.593565567
54.100000000	0.593564629
54.200000000	0.593563693
54.300000000	0.593562761
54.400000000	0.593561833
54.500000000	0.593560908
54.600000000	0.593559986
54.700000000	0.593559068
54.800000000	0.593558153
54.900000000	0.593557241
55.000000000	0.593556333
55.100000000	0.593555428
55.200000000	0.593554526
55.300000000	0.593553628
55.400000000	0.593552732
55.500000000	0.593551840
55.600000000	0.593550952
55.700000000	0.593550066
55.800000000	0.593549183
55.900000000	0.593548304
56.000000000	0.593547428
56.100000000	0.593546555
56.200000000	0.593545685
56.300000000	0.593544818
56.400000000	0.593543954
56.500000000	0.593543093
56.600000000	0.593542236
56.700000000	0.593541381
56.800000000	0.593540529
56.900000000	0.593539680
57.000000000	0.593538835
57.100000000	0.593537992
57.200000000	0.593537152
57.300000000	0.593536315
57.400000000	0.593535481
57.500000000	0.593534650
57.600000000	0.593533822
57.700000000	0.593532996
57.800000000	0.593532174
57.900000000	0.593531354
58.000000000	0.593530538
58.100000000	0.593529724
58.200000000	0.593528912
58.300000000	0.593528104
58.400000000	0.593527298
58.500000000	0.593526495
58.600000000	0.593525695
58.700000000	0.593524898
58.800000000	0.593524103
58.900000000	0.593523311
59.000000000	0.593522522
59.100000000	0.593521735
59.200000000	0.593520951
59.300000000	0.593520170
59.400000000	0.593519391
59.500000000	0.593518615
59.600000000	0.593517841
59.700000000	0.593517071
59.800000000	0.593516302
59.900000000	0.593515537
60.000000000	0.593514773
60.100000000	0.593514013
60.200000000	0.593513255
60.300000000	0.593512499
60.400000000	0.593511746
60.500000000	0.593510995
60.600000000	0.593510247
60.700000000	0.593509502
60.800000000	0.593508759
60.900000000	0.593508018
61.000000000	0.593507280
61.100000000	0.593506544
61.200000000	0.593505810
61.300000000	0.593505079
61.400000000	0.593504350
61.500000000	0.593503624
61.600000000	0.593502900
61.700000000	0.593502179
61.800000000	0.593501459
61.900000000	0.593500743
62.000000000	0.593500028
62.100000000	0.593499316
62.200000000	0.593498606
62.300000000	0.593497898
62.400000000	0.593497193
62.500000000	0.593496489
62.600000000	0.593495789
62.700000000	0.593495090
62.800000000	0.593494394
62.900000000	0.593493699
63.000000000	0.593493007
63.100000000	0.593492318
63.200000000	0.593491630
63.300000000	0.593490945
63.400000000	0.593490261
63.500000000	0.593489580
63.600000000	0.593488901
63.700000000	0.593488225
63.800000000	0.593487550
63.900000000	0.593486877
64.000000000	0.593486207
64.100000000	0.593485539
64.200000000	0.593484872
64.300000000	0.593484208
64.400000000	0.593483546
64.500000000	0.593482886
64.600000000	0.593482228
64.700000000	0.593481572
64.800000000	0.593480918
64.900000000	0.593480266
65.000000000	0.593479617
65.100000000	0.593478969
65.200000000	0.593478323
65.300000000	0.593477679
65.400000000	0.593477037
65.500000000	0.593476397
65.600000000	0.593475759
65.700000000	0.593475123
65.800000000	0.593474489
65.900000000	0.593473857
66.000000000	0.593473227
66.100000000	0.593472599
66.200000000	0.593471972
66.300000000	0.593471348
66.400000000	0.593470725
66.500000000	0.593470105
66.600000000	0.593469486
66.700000000	0.593468869
66.800000000	0.593468254
66.900000000	0.593467641
67.000000000	0.593467029
67.100000000	0.593466420
67.200000000	0.593465812
67.300000000	0.593465206
67.400000000	0.593464602
67.500000000	0.593464000
67.600000000	0.593463399
67.700000000	0.593462800
67.800000000	0.593462203
67.900000000	0.593461608
68.000000000	0.593461015
68.100000000	0.593460423
68.200000000	0.593459833
68.300000000	0.593459245
68.400000000	0.593458659
68.500000000	0.593458074
68.600000000	0.593457491
68.700000000	0.593456909
68.800000000	0.593456330
68.900000000	0.593455752
69.000000000	0.593455176
69.100000000	0.593454601
69.200000000	0.593454028
69.300000000	0.593453457
69.400000000	0.593452888
69.500000000	0.593452320
69.600000000	0.593451753
69.700000000	0.593451189
69.800000000	0.593450626
69.900000000	0.593450065
70.000000000	0.593449505
70.100000000	0.593448947
70.200000000	0.593448390
70.300000000	0.593447835
70.400000000	0.593447282
70.500000000	0.593446730
70.600000000	0.593446180
70.700000000	0.593445631
70.800000000	0.593445084
70.900000000	0.593444539
71.000000000	0.593443995
71.100000000	0.593443452
71.200000000	0.593442911
71.300000000	0.593442372
71.400000000	0.593441834
71.500000000	0.593441298
71.600000000	0.593440763
71.700000000	0.593440230
71.800000000	0.593439698
71.900000000	0.593439168
72.000000000	0.593438639
72.100000000	0.593438112
72.200000000	0.593437586
72.300000000	0.593437061
72.400000000	0.593436538
72.500000000	0.593436017
72.600000000	0.593435497
72.700000000	0.593434978
72.800000000	0.593434461
72.900000000	0.593433945
73.000000000	0.593433431
73.100000000	0.593432918
73.200000000	0.593432407
73.300000000	0.593431897
73.400000000	0.593431388
73.500000000	0.593430881
73.600000000	0.593430375
73.700000000	0.593429870
73.800000000	0.593429367
73.900000000	0.593428866
74.000000000	0.593428365
74.100000000	0.593427866
74.200000000	0.593427369
74.300000000	0.593426872
74.400000000	0.593426377
74.500000000	0.593425884
74.600000000	0.593425391
74.700000000	0.593424901
74.800000000	0.593424411
74.900000000	0.593423923
75.000000000	0.593423436
75.100000000	0.593422950
75.200000000	0.593422466
75.300000000	0.593421983
75.400000000	0.593421501
75.500000000	0.593421020
75.600000000	0.593420541
75.700000000	0.593420063
75.800000000	0.593419587
75.900000000	0.593419111
76.000000000	0.593418637
76.100000000	0.593418164
76.200000000	0.593417693
76.300000000	0.593417222
76.400000000	0.593416753
76.500000000	0.593416285
76.600000000	0.593415819
76.700000000	0.593415353
76.800000000	0.593414889
76.900000000	0.593414426
77.000000000	0.593413964
77.100000000	0.593413504
77.200000000	0.593413044
77.300000000	0.593412586
77.400000000	0.593412129
77.500000000	0.593411674
77.600000000	0.593411219
77.700000000	0.593410766
77.800000000	0.593410314
77.900000000	0.593409862
78.000000000	0.593409413
78.100000000	0.593408964
78.200000000	0.593408516
78.300000000	0.593408070
78.400000000	0.593407625
78.500000000	0.593407181
78.600000000	0.593406738
78.700000000	0.593406296
78.800000000	0.593405855
78.900000000	0.593405416
79.000000000	0.593404977
79.100000000	0.593404540
79.200000000	0.593404104
79.300000000	0.593403669
79.400000000	0.593403235
79.500000000	0.593402802
79.600000000	0.593402370
79.700000000	0.593401940
79.800000000	0.593401510
79.900000000	0.593401082
80.000000000	0.593400654
80.100000000	0.593400228
80.200000000	0.593399803
80.300000000	0.593399378
80.400000000	0.593398955
80.500000000	0.593398533
80.600000000	0.593398112
80.700000000	0.593397692
80.800000000	0.593397273
80.900000000	0.593396856
81.000000000	0.593396439
81.100000000	0.593396023
81.200000000	0.593395608
81.300000000	0.593395195
81.400000000	0.593394782
81.500000000	0.593394370
81.600000000	0.593393960
81.700000000	0.593393550
81.800000000	0.593393142
81.900000000	0.593392734
82.000000000	0.593392328
82.100000000	0.593391922
82.200000000	0.593391517
82.300000000	0.593391114
82.400000000	0.593390711
82.500000000	0.593390310
82.600000000	0.593389909
82.700000000	0.593389510
82.800000000	0.593389111
82.900000000	0.593388713
83.000000000	0.593388317
83.100000000	0.593387921
83.200000000	0.593387526
83.300000000	0.593387132
83.400000000	0.593386739
83.500000000	0.593386347
83.600000000	0.593385956
83.700000000	0.593385566
83.800000000	0.593385177
83.900000000	0.593384789
84.000000000	0.593384402
84.100000000	0.593384016
84.200000000	0.593383630
84.300000000	0.593383246
84.400000000	0.593382863
84.500000000	0.593382480
84.600000000	0.593382098
84.700000000	0.593381718
84.800000000	0.593381338
84.900000000	0.593380959
85.000000000	0.593380581
85.100000000	0.593380204
85.200000000	0.593379827
85.300000000	0.593379452
85.400000000	0.593379078
85.500000000	0.593378704
85.600000000	0.593378331
85.700000000	0.593377960
85.800000000	0.593377589
85.900000000	0.593377219
86.000000000	0.593376850
86.100000000	0.593376481
86.200000000	0.593376114
86.300000000	0.593375747
86.400000000	0.593375382
86.500000000	0.593375017
86.600000000	0.593374653
86.700000000	0.593374290
86.800000000	0.593373927
86.900000000	0.593373566
87.000000000	0.593373205
87.100000000	0.593372845
87.200000000	0.593372486
87.300000000	0.593372128
87.400000000	0.593371771
87.500000000	0.593371415
87.600000000	0.593371059
87.700000000	0.593370704
87.800000000	0.593370350
87.900000000	0.593369997
88.000000000	0.593369645
88.100000000	0.593369293
88.200000000	0.593368942
88.300000000	0.593368592
88.400000000	0.593368243
88.500000000	0.593367895
88.600000000	0.593367547
88.700000000	0.593367201
88.800000000	0.593366855
88.900000000	0.593366510
89.000000000	0.593366165
89.100000000	0.593365822
89.200000000	0.593365479
89.300000000	0.593365137
89.400000000	0.593364795
89.500000000	0.593364455
89.600000000	0.593364115
89.700000000	0.593363776
89.800000000	0.593363438
89.900000000	0.593363101
90.000000000	0.593362764
90.100000000	0.593362428
90.200000000	0.593362093
90.300000000	0.593361759
90.400000000	0.593361425
90.500000000	0.593361092
90.600000000	0.593360760
90.700000000	0.593360429
90.800000000	0.593360098
90.900000000	0.593359768
91.000000000	0.593359439
91.100000000	0.593359110
91.200000000	0.593358783
91.300000000	0.593358455
91.400000000	0.593358129
91.500000000	0.593357804
91.600000000	0.593357479
91.700000000	0.593357155
91.800000000	0.593356831
91.900000000	0.593356509
92.000000000	0.593356187
92.100000000	0.593355865
92.200000000	0.593355545
92.300000000	0.593355225
92.400000000	0.593354906
92.500000000	0.593354587
92.600000000	0.593354270
92.700000000	0.593353952
92.800000000	0.593353636
92.900000000	0.593353320
93.000000000	0.593353005
93.100000000	0.593352691
93.200000000	0.593352377
93.300000000	0.593352065
93.400000000	0.593351752
93.500000000	0.593351441
93.600000000	0.593351130
93.700000000	0.593350820
93.800000000	0.593350510
93.900000000	0.593350201
94.000000000	0.593349893
94.100000000	0.593349585
94.200000000	0.593349278
94.300000000	0.593348972
94.400000000	0.593348667
94.500000000	0.593348362
94.600000000	0.593348057
94.700000000	0.593347754
94.800000000	0.593347451
94.900000000	0.593347148
95.000000000	0.593346847
95.100000000	0.593346546
95.200000000	0.593346245
95.300000000	0.593345946
95.400000000	0.593345646
95.500000000	0.593345348
95.600000000	0.593345050
95.700000000	0.593344753
95.800000000	0.593344456
95.900000000	0.593344160
96.000000000	0.593343865
96.100000000	0.593343570
96.200000000	0.593343276
96.300000000	0.593342983
96.400000000	0.593342690
96.500000000	0.593342398
96.600000000	0.593342106
96.700000000	0.593341815
96.800000000	0.593341525
96.900000000	0.593341235
97.000000000	0.593340946
97.100000000	0.593340657
97.200000000	0.593340369
97.300000000	0.593340082
97.400000000	0.593339795
97.500000000	0.593339509
97.600000000	0.593339223
97.700000000	0.593338938
97.800000000	0.593338654
97.900000000	0.593338370
98.000000000	0.593338087
98.100000000	0.593337804
98.200000000	0.593337522
98.300000000	0.593337240
98.400000000	0.593336960
98.500000000	0.593336679
98.600000000	0.593336400
98.700000000	0.593336120
98.800000000	0.593335842
98.900000000	0.593335564
99.000000000	0.593335286
99.100000000	0.593335009
99.200000000	0.593334733
99.300000000	0.593334457
99.400000000	0.593334182
99.500000000	0.593333908
99.600000000	0.593333633
99.700000000	0.593333360
99.800000000	0.593333087
99.900000000	0.593332815
100.000000000	0.593332543
100.100000000	0.593432269
100.200000000	0.593531990
100.300000000	0.593631706
100.400000000	0.593731417
100.500000000	0.593831122
100.600000000	0.593930822
100.700000000	0.594030517
100.800000000	0.594130206
100.900000000	0.594229890
101.000000000	0.594329568
101.100000000	0.594429240
101.200000000	0.594528906
101.300000000	0.594628566
101.400000000	0.594728220
101.500000000	0.594827867
101.600000000	0.594927508
101.700000000	0.595027143
101.800000000	0.595126771
101.900000000	0.595226392
102.000000000	0.595326006
102.100000000	0.595425614
102.200000000	0.595525214
102.300000000	0.595624807
102.400000000	0.595724392
102.500000000	0.595823970
102.600000000	0.595923540
102.700000000	0.596023103
102.800000000	0.596122657
102.900000000	0.596222204
103.000000000	0.596321742
103.100000000	0.596421272
103.200000000	0.596520793
103.300000000	0.596620306
103.400000000	0.596719809
103.500000000	0.596819304
103.600000000	0.596918789
103.700000000	0.597018265
103.800000000	0.597117732
103.900000000	0.597217189
104.000000000	0.597316636
104.100000000	0.597416072
104.200000000	0.597515499
104.300000000	0.597614915
104.400000000	0.597714321
104.500000000	0.597813715
104.600000000	0.597913099
104.700000000	0.598012471
104.800000000	0.598111832
104.900000000	0.598211182
105.000000000	0.598310519
105.100000000	0.598409844
105.200000000	0.598509157
105.300000000	0.598608458
105.400000000	0.598707746
105.500000000	0.598807021
105.600000000	0.598906282
105.700000000	0.599005530
105.800000000	0.599104765
105.900000000	0.599203985
106.000000000	0.599303191
106.100000000	0.599402383
106.200000000	0.599501560
106.300000000	0.599600722
106.400000000	0.599699869
106.500000000	0.599799000
106.600000000	0.599898115
106.700000000	0.599997214
106.800000000	0.600096297
106.900000000	0.600195363
107.000000000	0.600294412
107.100000000	0.600393443
107.200000000	0.600492457
107.300000000	0.600591453
107.400000000	0.600690430
107.500000000	0.600789389
107.600000000	0.600888329
107.700000000	0.600987249
107.800000000	0.601086150
107.900000000	0.601185030
108.000000000	0.601283890
108.100000000	0.601382729
108.200000000	0.601481547
108.300000000	0.601580344
108.400000000	0.601679118
108.500000000	0.601777870
108.600000000	0.601876599
108.700000000	0.601975305
108.800000000	0.602073988
108.900000000	0.602172646
109.000000000	0.602271279
109.100000000	0.602369888
109.200000000	0.602468471
109.300000000	0.602567028
109.400000000	0.602665559
109.500000000	0.602764063
109.600000000	0.602862540
109.700000000	0.602960988
109.800000000	0.603059409
109.900000000	0.603157800
110.000000000	0.603256162
110.100000000	0.603354494
110.200000000	0.603452795
110.300000000	0.603551066
110.400000000	0.603649304
110.500000000	0.603747510
110.600000000	0.603845684
110.700000000	0.603943824
110.800000000	0.604041930
110.900000000	0.604140001
111.000000000	0.604238037
111.100000000	0.604336037
111.200000000	0.604434000
111.300000000	0.604531926
111.400000000	0.604629814
111.500000000	0.604727663
111.600000000	0.604825473
111.700000000	0.604923243
111.800000000	0.605020972
111.900000000	0.605118659
112.000000000	0.605216304
112.100000000	0.605313905
112.200000000	0.605411463
112.300000000	0.605508976
112.400000000	0.605606443
112.500000000	0.605703863
112.600000000	0.605801237
112.700000000	0.605898562
112.800000000	0.605995838
112.900000000	0.606093064
113.000000000	0.606190240
113.100000000	0.606287363
113.200000000	0.606384434
113.300000000	0.606481451
113.400000000	0.606578413
113.500000000	0.606675319
113.600000000	0.606772169
113.700000000	0.606868961
113.800000000	0.606965694
113.900000000	0.607062367
114.000000000	0.607158979
114.100000000	0.607255528
114.200000000	0.607352015
114.300000000	0.607448437
114.400000000	0.607544793
114.500000000	0.607641082
114.600000000	0.607737303
114.700000000	0.607833455
114.800000000	0.607929536
114.900000000	0.608025545
115.000000000	0.608121480
115.100000000	0.608217341
115.200000000	0.608313126
115.300000000	0.608408834
115.400000000	0.608504463
115.500000000	0.608600011
115.600000000	0.608695478
115.700000000	0.608790861
115.800000000	0.608886160
115.900000000	0.608981372
116.000000000	0.609076496
116.100000000	0.609171530
116.200000000	0.609266474
116.300000000	0.609361324
116.400000000	0.609456080
116.500000000	0.609550739
116.600000000	0.609645300
116.700000000	0.609739761
116.800000000	0.609834121
116.900000000	0.609928376
117.000000000	0.610022526
117.100000000	0.610116569
117.200000000	0.610210502
117.300000000	0.610304323
117.400000000	0.610398031
117.500000000	0.610491624
117.600000000	0.610585098
117.700000000	0.610678452
117.800000000	0.610771685
117.900000000	0.610864792
118.000000000	0.610957773
118.100000000	0.611050625
118.200000000	0.611143346
118.300000000	0.611235933
118.400000000	0.611328383
118.500000000	0.611420695
118.600000000	0.611512865
118.700000000	0.611604891
118.800000000	0.611696770
118.900000000	0.611788501
119.000000000	0.611880079
119.100000000	0.611971502
119.200000000	0.612062768
119.300000000	0.612153872
119.400000000	0.612244814
119.500000000	0.612335589
119.600000000	0.612426194
119.700000000	0.612516626
119.800000000	0.612606882
119.900000000	0.612696960
120.000000000	0.612786854
120.100000000	0.612876563
120.200000000	0.612966083
120.300000000	0.613055410
120.400000000	0.613144540
120.500000000	0.613233471
120.600000000	0.613322199
120.700000000	0.613410719
120.800000000	0.613499028
120.900000000	0.613587122
121.000000000	0.613674997
121.100000000	0.613762649
121.200000000	0.613850074
121.300000000	0.613937268
121.400000000	0.614024227
121.500000000	0.614110946
121.600000000	0.614197420
121.700000000	0.614283646
121.800000000	0.614369619
121.900000000	0.614455335
122.000000000	0.614540787
122.100000000	0.614625973
122.200000000	0.614710886
122.300000000	0.614795522
122.400000000	0.614879875
122.500000000	0.614963942
122.600000000	0.615047715
122.700000000	0.615131190
122.800000000	0.615214362
122.900000000	0.615297225
123.000000000	0.615379773
123.100000000	0.615462001
123.200000000	0.615543902
123.300000000	0.615625471
123.400000000	0.615706701
123.500000000	0.615787587
123.600000000	0.615868122
123.700000000	0.615948300
123.800000000	0.616028115
123.900000000	0.616107558
124.000000000	0.616186625
124.100000000	0.616265308
124.200000000	0.616343599
124.300000000	0.616421493
124.400000000	0.616498981
124.500000000	0.616576056
124.600000000	0.616652711
124.700000000	0.616728939
124.800000000	0.616804730
124.900000000	0.616880078
125.000000000	0.616954974
125.100000000	0.617029410
125.200000000	0.617103379
125.300000000	0.617176870
125.400000000	0.617249876
125.500000000	0.617322388
125.600000000	0.617394397
125.700000000	0.617465894
125.800000000	0.617536869
125.900000000	0.617607313
126.000000000	0.617677217
126.100000000	0.617746570
126.200000000	0.617815364
126.300000000	0.617883587
126.400000000	0.617951229
126.500000000	0.618018281
126.600000000	0.618084730
126.700000000	0.618150567
126.800000000	0.618215781
126.900000000	0.618280360
127.000000000	0.618344292
127.100000000	0.618407567
127.200000000	0.618470172
127.300000000	0.618532096
127.400000000	0.618593326
127.500000000	0.618653850
127.600000000	0.618713655
127.700000000	0.618772728
127.800000000	0.618831056
127.900000000	0.618888627
128.000000000	0.618945425
128.100000000	0.619001439
128.200000000	0.619056653
128.300000000	0.619111054
128.400000000	0.619164627
128.500000000	0.619217357
128.600000000	0.619269230
128.700000000	0.619320230
128.800000000	0.619370342
128.900000000	0.619419551
129.000000000	0.619467839
129.100000000	0.619515191
129.200000000	0.619561591
129.300000000	0.619607022
129.400000000	0.619651467
129.500000000	0.619694908
129.600000000	0.619737328
129.700000000	0.619778709
129.800000000	0.619819034
129.900000000	0.619858282
130.000000000	0.619896437
130.100000000	0.619933478
130.200000000	0.619969387
130.300000000	0.620004143
130.400000000	0.620037728
130.500000000	0.620070120
130.600000000	0.620101300
130.700000000	0.620131246
130.800000000	0.620159937
130.900000000	0.620187351
131.000000000	0.620213468
131.100000000	0.620238264
131.200000000	0.620261717
131.300000000	0.620283805
131.400000000	0.620304504
131.500000000	0.620323791
131.600000000	0.620341642
131.700000000	0.620358032
131.800000000	0.620372938
131.900000000	0.620386335
132.000000000	0.620398196
132.100000000	0.620408498
132.200000000	0.620417213
132.300000000	0.620424316
132.400000000	0.620429780
132.500000000	0.620433578
132.600000000	0.620435683
132.700000000	0.620436068
132.800000000	0.620434703
132.900000000	0.620431562
133.000000000	0.620426615
133.100000000	0.620419833
133.200000000	0.620411187
133.300000000	0.620400647
133.400000000	0.620388184
133.500000000	0.620373766
133.600000000	0.620357363
133.700000000	0.620338945
133.800000000	0.620318479
133.900000000	0.620295935
134.000000000	0.620271279
134.100000000	0.620244481
134.200000000	0.620215506
134.300000000	0.620184324
134.400000000	0.620150899
134.500000000	0.620115200
134.600000000	0.620077192
134.700000000	0.620036841
134.800000000	0.619994114
134.900000000	0.619948976
135.000000000	0.619901393
135.100000000	0.619851329
135.200000000	0.619798751
135.300000000	0.619743622
135.400000000	0.619685908
135.500000000	0.619625575
135.600000000	0.619562585
135.700000000	0.619496905
135.800000000	0.619428498
135.900000000	0.619357330
136.000000000	0.619283365
136.100000000	0.619206568
136.200000000	0.619126903
136.300000000	0.619044336
136.400000000	0.618958832
136.500000000	0.618870357
136.600000000	0.618778875
136.700000000	0.618684353
136.800000000	0.618586758
136.900000000	0.618486057
137.000000000	0.618382216
137.100000000	0.618275203
137.200000000	0.618164987
137.300000000	0.618051538
137.400000000	0.617934824
137.500000000	0.617814817
137.600000000	0.617691488
137.700000000	0.617564810
137.800000000	0.617434757
137.900000000	0.617301303
138.000000000	0.617164424
138.100000000	0.617024098
138.200000000	0.616880303
138.300000000	0.616733021
138.400000000	0.616582233
138.500000000	0.616427923
138.600000000	0.616270077
138.700000000	0.616108683
138.800000000	0.615943731
138.900000000	0.615775213
139.000000000	0.615603125
139.100000000	0.615427464
139.200000000	0.615248231
139.300000000	0.615065427
139.400000000	0.614879061
139.500000000	0.614689142
139.600000000	0.614495682
139.700000000	0.614298700
139.800000000	0.614098214
139.900000000	0.613894250
140.000000000	0.613686836
140.100000000	0.613476006
140.200000000	0.613261798
140.300000000	0.613044253
140.400000000	0.612823420
140.500000000	0.612599350
140.600000000	0.612372101
140.700000000	0.612141738
140.800000000	0.611908327
140.900000000	0.611671946
141.000000000	0.611432673
141.100000000	0.611190596
141.200000000	0.610945808
141.300000000	0.610698409
141.400000000	0.610448504
141.500000000	0.610196205
141.600000000	0.609941632
141.700000000	0.609684910
141.800000000	0.609426172
141.900000000	0.609165556
142.000000000	0.608903208
142.100000000	0.608639279
142.200000000	0.608373928
142.300000000	0.608107320
142.400000000	0.607839623
142.500000000	0.607571014
142.600000000	0.607301675
142.700000000	0.607031792
142.800000000	0.606761557
142.900000000	0.606491164
143.000000000	0.606220812
143.100000000	0.605950706
143.200000000	0.605681048
143.300000000	0.605412048
143.400000000	0.605143914
143.500000000	0.604876856
143.600000000	0.604611084
143.700000000	0.604346807
143.800000000	0.604084234
143.900000000	0.603823571
144.000000000	0.603565021
144.100000000	0.603308784
144.200000000	0.603055055
144.300000000	0.602804026
144.400000000	0.602555882
144.500000000	0.602310801
144.600000000	0.602068955
144.700000000	0.601830507
144.800000000	0.601595614
144.900000000	0.601364423
145.000000000	0.601137073
145.100000000	0.600913691
145.200000000	0.600694396
145.300000000	0.600479298
145.400000000	0.600268495
145.500000000	0.600062074
145.600000000	0.599860115
145.700000000	0.599662684
145.800000000	0.599469838
145.900000000	0.599281624
146.000000000	0.599098079
146.100000000	0.598919231
146.200000000	0.598745096
146.300000000	0.598575684
146.400000000	0.598410995
146.500000000	0.598251019
146.600000000	0.598095742
146.700000000	0.597945137
146.800000000	0.597799176
146.900000000	0.597657820
147.000000000	0.597521026
147.100000000	0.597388746
147.200000000	0.597260924
147.300000000	0.597137504
147.400000000	0.597018420
147.500000000	0.596903608
147.600000000	0.596792998
147.700000000	0.596686517
147.800000000	0.596584089
147.900000000	0.596485639
148.000000000	0.596391087
148.100000000	0.596300353
148.200000000	0.596213357
148.300000000	0.596130015
148.400000000	0.596050247
148.500000000	0.595973969
148.600000000	0.595901099
148.700000000	0.595831555
148.800000000	0.595765255
148.900000000	0.595702117
149.000000000	0.595642061
149.100000000	0.595585008
149.200000000	0.595530879
149.300000000	0.595479595
149.400000000	0.595431082
149.500000000	0.595385263
149.600000000	0.595342066
149.700000000	0.595301417
149.800000000	0.595263247
149.900000000	0.595227485
150.000000000	0.595194064
150.100000000	0.595162918
150.200000000	0.595133981
150.300000000	0.595107192
150.400000000	0.595082487
150.500000000	0.595059807
150.600000000	0.595039093
150.700000000	0.595020288
150.800000000	0.595003338
150.900000000	0.594988187
151.000000000	0.594974783
151.100000000	0.594963076
151.200000000	0.594953016
151.300000000	0.594944553
151.400000000	0.594937642
151.500000000	0.594932237
151.600000000	0.594928294
151.700000000	0.594925770
151.800000000	0.594924623
151.900000000	0.594924812
152.000000000	0.594926298
152.100000000	0.594929044
152.200000000	0.594933012
152.300000000	0.594938166
152.400000000	0.594944472
152.500000000	0.594951895
152.600000000	0.594960403
152.700000000	0.594969964
152.800000000	0.594980546
152.900000000	0.594992120
153.000000000	0.595004658
153.100000000	0.595018129
153.200000000	0.595032507
153.300000000	0.595047766
153.400000000	0.595063879
153.500000000	0.595080821
153.600000000	0.595098568
153.700000000	0.595117097
153.800000000	0.595136383
153.900000000	0.595156405
154.000000000	0.595177140
154.100000000	0.595198569
154.200000000	0.595220670
154.300000000	0.595243423
154.400000000	0.595266808
154.500000000	0.595290808
154.600000000	0.595315404
154.700000000	0.595340577
154.800000000	0.595366310
154.900000000	0.595392587
155.000000000	0.595419391
155.100000000	0.595446706
155.200000000	0.595474516
155.300000000	0.595502806
155.400000000	0.595531562
155.500000000	0.595560768
155.600000000	0.595590412
155.700000000	0.595620479
155.800000000	0.595650955
155.900000000	0.595681829
156.000000000	0.595713086
156.100000000	0.595744716
156.200000000	0.595776705
156.300000000	0.595809042
156.400000000	0.595841715
156.500000000	0.595874714
156.600000000	0.595908027
156.700000000	0.595941643
156.800000000	0.595975553
156.900000000	0.596009745
157.000000000	0.596044211
157.100000000	0.596078939
157.200000000	0.596113921
157.300000000	0.596149147
157.400000000	0.596184609
157.500000000	0.596220296
157.600000000	0.596256201
157.700000000	0.596292315
157.800000000	0.596328629
157.900000000	0.596365135
158.000000000	0.596401826
158.100000000	0.596438693
158.200000000	0.596475728
158.300000000	0.596512925
158.400000000	0.596550275
158.500000000	0.596587772
158.600000000	0.596625407
158.700000000	0.596663175
158.800000000	0.596701069
158.900000000	0.596739080
159.000000000	0.596777204
159.100000000	0.596815433
159.200000000	0.596853762
159.300000000	0.596892183
159.400000000	0.596930690
159.500000000	0.596969278
159.600000000	0.597007941
159.700000000	0.597046673
159.800000000	0.597085467
159.900000000	0.597124319
160.000000000	0.597163222
160.100000000	0.597202172
160.200000000	0.597241162
160.300000000	0.597280188
160.400000000	0.597319244
160.500000000	0.597358325
160.600000000	0.597397426
160.700000000	0.597436542
160.800000000	0.597475669
160.900000000	0.597514800
161.000000000	0.597553931
161.100000000	0.597593059
161.200000000	0.597632177
161.300000000	0.597671281
161.400000000	0.597710368
161.500000000	0.597749431
161.600000000	0.597788468
161.700000000	0.597827473
161.800000000	0.597866442
161.900000000	0.597905371
162.000000000	0.597944256
162.100000000	0.597983093
162.200000000	0.598021876
162.300000000	0.598060604
162.400000000	0.598099270
162.500000000	0.598137872
162.600000000	0.598176405
162.700000000	0.598214866
162.800000000	0.598253251
162.900000000	0.598291556
163.000000000	0.598329776
163.100000000	0.598367910
163.200000000	0.598405952
163.300000000	0.598443899
163.400000000	0.598481748
163.500000000	0.598519494
163.600000000	0.598557135
163.700000000	0.598594668
163.800000000	0.598632087
163.900000000	0.598669391
164.000000000	0.598706575
164.100000000	0.598743637
164.200000000	0.598780573
164.300000000	0.598817379
164.400000000	0.598854053
164.500000000	0.598890591
164.600000000	0.598926989
164.700000000	0.598963246
164.800000000	0.598999358
164.900000000	0.599035320
165.000000000	0.599071132
165.100000000	0.599106788
165.200000000	0.599142287
165.300000000	0.599177626
165.400000000	0.599212800
165.500000000	0.599247808
165.600000000	0.599282647
165.700000000	0.599317313
165.800000000	0.599351803
165.900000000	0.599386116
166.000000000	0.599420247
166.100000000	0.599454195
166.200000000	0.599487956
166.300000000	0.599521527
166.400000000	0.599554907
166.500000000	0.599588091
166.600000000	0.599621078
166.700000000	0.599653865
166.800000000	0.599686449
166.900000000	0.599718828
167.000000000	0.599750998
167.100000000	0.599782958
167.200000000	0.599814705
167.300000000	0.599846236
167.400000000	0.599877549
167.500000000	0.599908642
167.600000000	0.599939511
167.700000000	0.599970155
167.800000000	0.600000571
167.900000000	0.600030757
168.000000000	0.600060710
168.100000000	0.600090428
168.200000000	0.600119909
168.300000000	0.600149150
168.400000000	0.600178150
168.500000000	0.600206905
168.600000000	0.600235415
168.700000000	0.600263676
168.800000000	0.600291686
168.900000000	0.600319444
169.000000000	0.600346947
169.100000000	0.600374193
169.200000000	0.600401180
169.300000000	0.600427906
169.400000000	0.600454369
169.500000000	0.600480567
169.600000000	0.600506498
169.700000000	0.600532161
169.800000000	0.600557552
169.900000000	0.600582672
170.000000000	0.600607516
170.100000000	0.600632085
170.200000000	0.600656376
170.300000000	0.600680386
170.400000000	0.600704116
170.500000000	0.600727562
170.600000000	0.600750723
170.700000000	0.600773598
170.800000000	0.600796185
170.900000000	0.600818482
171.000000000	0.600840488
171.100000000	0.600862201
171.200000000	0.600883620
171.300000000	0.600904744
171.400000000	0.600925570
171.500000000	0.600946098
171.600000000	0.600966327
171.700000000	0.600986254
171.800000000	0.601005879
171.900000000	0.601025200
172.000000000	0.601044216
172.100000000	0.601062927
172.200000000	0.601081330
172.300000000	0.601099426
172.400000000	0.601117211
172.500000000	0.601134687
172.600000000	0.601151851
172.700000000	0.601168703
172.800000000	0.601185242
172.900000000	0.601201467
173.000000000	0.601217377
173.100000000	0.601232972
173.200000000	0.601248249
173.300000000	0.601263210
173.400000000	0.601277853
173.500000000	0.601292178
173.600000000	0.601306184
173.700000000	0.601319870
173.800000000	0.601333236
173.900000000	0.601346281
174.000000000	0.601359005
174.100000000	0.601371409
174.200000000	0.601383490
174.300000000	0.601395250
174.400000000	0.601406687
174.500000000	0.601417802
174.600000000	0.601428595
174.700000000	0.601439065
174.800000000	0.601449212
174.900000000	0.601459036
175.000000000	0.601468538
175.100000000	0.601477718
175.200000000	0.601486575
175.300000000	0.601495109
175.400000000	0.601503322
175.500000000	0.601511213
175.600000000	0.601518783
175.700000000	0.601526032
175.800000000	0.601532960
175.900000000	0.601539568
176.000000000	0.601545856
176.100000000	0.601551826
176.200000000	0.601557477
176.300000000	0.601562810
176.400000000	0.601567827
176.500000000	0.601572527
176.600000000	0.601576912
176.700000000	0.601580983
176.800000000	0.601584741
176.900000000	0.601588185
177.000000000	0.601591319
177.100000000	0.601594142
177.200000000	0.601596656
177.300000000	0.601598862
177.400000000	0.601600762
177.500000000	0.601602356
177.600000000	0.601603646
177.700000000	0.601604634
177.800000000	0.601605320
177.900000000	0.601605707
178.000000000	0.601605796
178.100000000	0.601605588
178.200000000	0.601605086
178.300000000	0.601604291
178.400000000	0.601603205
178.500000000	0.601601829
178.600000000	0.601600166
178.700000000	0.601598218
178.800000000	0.601595986
178.900000000	0.601593472
179.000000000	0.601590679
179.100000000	0.601587609
179.200000000	0.601584265
179.300000000	0.601580647
179.400000000	0.601576759
179.500000000	0.601572603
179.600000000	0.601568181
179.700000000	0.601563495
179.800000000	0.601558550
179.900000000	0.601553345
180.000000000	0.601547886
180.100000000	0.601542173
180.200000000	0.601536210
180.300000000	0.601529999
180.400000000	0.601523544
180.500000000	0.601516847
180.600000000	0.601509910
180.700000000	0.601502737
180.800000000	0.601495331
180.900000000	0.601487695
181.000000000	0.601479832
181.100000000	0.601471744
181.200000000	0.601463435
181.300000000	0.601454908
181.400000000	0.601446167
181.500000000	0.601437213
181.600000000	0.601428052
181.700000000	0.601418686
181.800000000	0.601409118
181.900000000	0.601399351
182.000000000	0.601389390
182.100000000	0.601379237
182.200000000	0.601368896
182.300000000	0.601358371
182.400000000	0.601347664
182.500000000	0.601336780
182.600000000	0.601325723
182.700000000	0.601314494
182.800000000	0.601303099
182.900000000	0.601291541
183.000000000	0.601279823
183.100000000	0.601267950
183.200000000	0.601255924
183.300000000	0.601243750
183.400000000	0.601231431
183.500000000	0.601218972
183.600000000	0.601206375
183.700000000	0.601193645
183.800000000	0.601180785
183.900000000	0.601167799
184.000000000	0.601154692
184.100000000	0.601141466
184.200000000	0.601128126
184.300000000	0.601114676
184.400000000	0.601101119
184.500000000	0.601087459
184.600000000	0.601073700
184.700000000	0.601059845
184.800000000	0.601045900
184.900000000	0.601031867
185.000000000	0.601017750
185.100000000	0.601003554
185.200000000	0.600989282
185.300000000	0.600974937
185.400000000	0.600960525
185.500000000	0.600946047
185.600000000	0.600931509
185.700000000	0.600916914
185.800000000	0.600902266
185.900000000	0.600887569
186.000000000	0.600872826
186.100000000	0.600858041
186.200000000	0.600843218
186.300000000	0.600828360
186.400000000	0.600813472
186.500000000	0.600798556
186.600000000	0.600783617
186.700000000	0.600768658
186.800000000	0.600753682
186.900000000	0.600738694
187.000000000	0.600723697
187.100000000	0.600708693
187.200000000	0.600693688
187.300000000	0.600678684
187.400000000	0.600663685
187.500000000	0.600648693
187.600000000	0.600633713
187.700000000	0.600618748
187.800000000	0.600603801
187.900000000	0.600588875
188.000000000	0.600573973
188.100000000	0.600559100
188.200000000	0.600544257
188.300000000	0.600529448
188.400000000	0.600514677
188.500000000	0.600499945
188.600000000	0.600485257
188.700000000	0.600470614
188.800000000	0.600456021
188.900000000	0.600441480
189.000000000	0.600426993
189.100000000	0.600412564
189.200000000	0.600398195
189.300000000	0.600383889
189.400000000	0.600369649
189.500000000	0.600355477
189.600000000	0.600341376
189.700000000	0.600327348
189.800000000	0.600313396
189.900000000	0.600299523
190.000000000	0.600285730
190.100000000	0.600272020
190.200000000	0.600258395
190.300000000	0.600244859
190.400000000	0.600231411
190.500000000	0.600218056
190.600000000	0.600204795
190.700000000	0.600191630
190.800000000	0.600178563
190.900000000	0.600165596
191.000000000	0.600152732
191.100000000	0.600139971
191.200000000	0.600127315
191.300000000	0.600114768
191.400000000	0.600102329
191.500000000	0.600090001
191.600000000	0.600077786
191.700000000	0.600065685
191.800000000	0.600053699
191.900000000	0.600041830
192.000000000	0.600030080
192.100000000	0.600018450
192.200000000	0.600006941
192.300000000	0.599995554
192.400000000	0.599984291
192.500000000	0.599973154
192.600000000	0.599962142
192.700000000	0.599951257
192.800000000	0.599940501
192.900000000	0.599929873
193.000000000	0.599919376
193.100000000	0.599909011
193.200000000	0.599898777
193.300000000	0.599888676
193.400000000	0.599878708
193.500000000	0.599868875
193.600000000	0.599859177
193.700000000	0.599849615
193.800000000	0.599840189
193.900000000	0.599830900
194.000000000	0.599821748
194.100000000	0.599812734
194.200000000	0.599803859
194.300000000	0.599795122
194.400000000	0.599786525
194.500000000	0.599778067
194.600000000	0.599769748
194.700000000	0.599761570
194.800000000	0.599753532
194.900000000	0.599745634
195.000000000	0.599737876
195.100000000	0.599730260
195.200000000	0.599722784
195.300000000	0.599715448
195.400000000	0.599708253
195.500000000	0.599701199
195.600000000	0.599694286
195.700000000	0.599687513
195.800000000	0.599680880
195.900000000	0.599674388
196.000000000	0.599668035
196.100000000	0.599661822
196.200000000	0.599655749
196.300000000	0.599649815
196.400000000	0.599644020
196.500000000	0.599638363
196.600000000	0.599632844
196.700000000	0.599627463
196.800000000	0.599622219
196.900000000	0.599617112
197.000000000	0.599612141
197.100000000	0.599607306
197.200000000	0.599602607
197.300000000	0.599598042
197.400000000	0.599593611
197.500000000	0.599589314
197.600000000	0.599585149
197.700000000	0.599581117
197.800000000	0.599577216
197.900000000	0.599573446
198.000000000	0.599569806
198.100000000	0.599566296
198.200000000	0.599562914
198.300000000	0.599559660
198.400000000	0.599556533
198.500000000	0.599553532
198.600000000	0.599550657
198.700000000	0.599547906
198.800000000	0.599545279
198.900000000	0.599542775
199.000000000	0.599540393
199.100000000	0.599538131
199.200000000	0.599535990
199.300000000	0.599533967
199.400000000	0.599532063
199.500000000	0.599530276
199.600000000	0.599528606
199.700000000	0.599527050
199.800000000	0.599525609
199.900000000	0.599524281
200.000000000	0.599523065
200.100000000	0.599521960
200.200000000	0.599520965
200.300000000	0.599520079
200.400000000	0.599519301
200.500000000	0.599518630
200.600000000	0.599518065
200.700000000	0.599517604
200.800000000	0.599517247
200.900000000	0.599516992
201.000000000	0.599516839
201.100000000	0.599516786
201.200000000	0.599516831
201.300000000	0.599516975
201.400000000	0.599517216
201.500000000	0.599517552
201.600000000	0.599517983
201.700000000	0.599518507
201.800000000	0.599519123
201.900000000	0.599519830
202.000000000	0.599520626
202.100000000	0.599521512
202.200000000	0.599522485
202.300000000	0.599523544
202.400000000	0.599524688
202.500000000	0.599525916
202.600000000	0.599527227
202.700000000	0.599528619
202.800000000	0.599530092
202.900000000	0.599531643
203.000000000	0.599533273
203.100000000	0.599534979
203.200000000	0.599536761
203.300000000	0.599538617
203.400000000	0.599540546
203.500000000	0.599542547
203.600000000	0.599544619
203.700000000	0.599546760
203.800000000	0.599548970
203.900000000	0.599551246
204.000000000	0.599553589
204.100000000	0.599555996
204.200000000	0.599558467
204.300000000	0.599561001
204.400000000	0.599563595
204.500000000	0.599566250
204.600000000	0.599568963
204.700000000	0.599571734
204.800000000	0.599574562
204.900000000	0.599577444
205.000000000	0.599580381
205.100000000	0.599583371
205.200000000	0.599586413
205.300000000	0.599589505
205.400000000	0.599592646
205.500000000	0.599595837
205.600000000	0.599599074
205.700000000	0.599602357
205.800000000	0.599605685
205.900000000	0.599609057
206.000000000	0.599612472
206.100000000	0.599615928
206.200000000	0.599619424
206.300000000	0.599622960
206.400000000	0.599626534
206.500000000	0.599630145
206.600000000	0.599633792
206.700000000	0.599637474
206.800000000	0.599641190
206.900000000	0.599644939
207.000000000	0.599648719
207.100000000	0.599652530
207.200000000	0.599656370
207.300000000	0.599660239
207.400000000	0.599664136
207.500000000	0.599668058
207.600000000	0.599672006
207.700000000	0.599675979
207.800000000	0.599679975
207.900000000	0.599683993
208.000000000	0.599688032
208.100000000	0.599692092
208.200000000	0.599696171
208.300000000	0.599700268
208.400000000	0.599704383
208.500000000	0.599708514
208.600000000	0.599712660
208.700000000	0.599716821
208.800000000	0.599720996
208.900000000	0.599725183
209.000000000	0.599729382
209.100000000	0.599733591
209.200000000	0.599737810
209.300000000	0.599742039
209.400000000	0.599746275
209.500000000	0.599750518
209.600000000	0.599754768
209.700000000	0.599759023
209.800000000	0.599763282
209.900000000	0.599767545
210.000000000	0.599771811
210.100000000	0.599776079
210.200000000	0.599780348
210.300000000	0.599784617
210.400000000	0.599788886
210.500000000	0.599793153
210.600000000	0.599797418
210.700000000	0.599801680
210.800000000	0.599805939
210.900000000	0.599810193
211.000000000	0.599814442
211.100000000	0.599818685
211.200000000	0.599822921
211.300000000	0.599827150
211.400000000	0.599831370
211.500000000	0.599835581
211.600000000	0.599839783
211.700000000	0.599843975
211.800000000	0.599848155
211.900000000	0.599852324
212.000000000	0.599856480
212.100000000	0.599860623
212.200000000	0.599864753
212.300000000	0.599868868
212.400000000	0.599872968
212.500000000	0.599877053
212.600000000	0.599881121
212.700000000	0.599885172
212.800000000	0.599889206
212.900000000	0.599893222
213.000000000	0.599897219
213.100000000	0.599901197
213.200000000	0.599905155
213.300000000	0.599909093
213.400000000	0.599913010
213.500000000	0.599916905
213.600000000	0.599920779
213.700000000	0.599924629
213.800000000	0.599928457
213.900000000	0.599932262
214.000000000	0.599936042
214.100000000	0.599939798
214.200000000	0.599943529
214.300000000	0.599947234
214.400000000	0.599950914
214.500000000	0.599954567
214.600000000	0.599958193
214.700000000	0.599961793
214.800000000	0.599965364
214.900000000	0.599968908
215.000000000	0.599972423
215.100000000	0.599975909
215.200000000	0.599979366
215.300000000	0.599982793
215.400000000	0.599986191
215.500000000	0.599989558
215.600000000	0.599992894
215.700000000	0.599996200
215.800000000	0.599999474
215.900000000	0.600002716
216.000000000	0.600005926
216.100000000	0.600009104
216.200000000	0.600012250
216.300000000	0.600015362
216.400000000	0.600018442
216.500000000	0.600021488
216.600000000	0.600024500
216.700000000	0.600027478
216.800000000	0.600030422
216.900000000	0.600033332
217.000000000	0.600036207
217.100000000	0.600039047
217.200000000	0.600041852
217.300000000	0.600044622
217.400000000	0.600047356
217.500000000	0.600050055
217.600000000	0.600052718
217.700000000	0.600055344
217.800000000	0.600057935
217.900000000	0.600060489
218.000000000	0.600063007
218.100000000	0.600065488
218.200000000	0.600067932
218.300000000	0.600070340
218.400000000	0.600072710
218.500000000	0.600075044
218.600000000	0.600077340
218.700000000	0.600079599
218.800000000	0.600081820
218.900000000	0.600084005
219.000000000	0.600086151
219.100000000	0.600088260
219.200000000	0.600090332
219.300000000	0.600092366
219.400000000	0.600094362
219.500000000	0.600096321
219.600000000	0.600098241
219.700000000	0.600100125
219.800000000	0.600101970
219.900000000	0.600103777
220.000000000	0.600105547
220.100000000	0.600107279
220.200000000	0.600108974
220.300000000	0.600110630
220.400000000	0.600112249
220.500000000	0.600113831
220.600000000	0.600115375
220.700000000	0.600116881
220.800000000	0.600118350
220.900000000	0.600119782
221.000000000	0.600121176
221.100000000	0.600122533
221.200000000	0.600123853
221.300000000	0.600125136
221.400000000	0.600126382
221.500000000	0.600127591
221.600000000	0.600128764
221.700000000	0.600129900
221.800000000	0.600130999
221.900000000	0.600132062
222.000000000	0.600133089
222.100000000	0.600134080
222.200000000	0.600135035
222.300000000	0.600135954
222.400000000	0.600136838
222.500000000	0.600137686
222.600000000	0.600138499
222.700000000	0.600139277
222.800000000	0.600140020
222.900000000	0.600140728
223.000000000	0.600141402
223.100000000	0.600142041
223.200000000	0.600142646
223.300000000	0.600143218
223.400000000	0.600143755
223.500000000	0.600144259
223.600000000	0.600144730
223.700000000	0.600145168
223.800000000	0.600145573
223.900000000	0.600145945
224.000000000	0.600146285
224.100000000	0.600146592
224.200000000	0.600146868
224.300000000	0.600147112
224.400000000	0.600147325
224.500000000	0.600147507
224.600000000	0.600147658
224.700000000	0.600147778
224.800000000	0.600147868
224.900000000	0.600147928
225.000000000	0.600147958
225.100000000	0.600147958
225.200000000	0.600147929
225.300000000	0.600147872
225.400000000	0.600147785
225.500000000	0.600147670
225.600000000	0.600147528
225.700000000	0.600147357
225.800000000	0.600147159
225.900000000	0.600146934
226.000000000	0.600146681
226.100000000	0.600146403
226.200000000	0.600146098
226.300000000	0.600145767
226.400000000	0.600145410
226.500000000	0.600145028
226.600000000	0.600144621
226.700000000	0.600144189
226.800000000	0.600143733
226.900000000	0.600143253
227.000000000	0.600142749
227.100000000	0.600142222
227.200000000	0.600141672
227.300000000	0.600141099
227.400000000	0.600140504
227.500000000	0.600139886
227.600000000	0.600139247
227.700000000	0.600138586
227.800000000	0.600137905
227.900000000	0.600137203
228.000000000	0.600136480
228.100000000	0.600135737
228.200000000	0.600134975
228.300000000	0.600134193
228.400000000	0.600133392
228.500000000	0.600132572
228.600000000	0.600131734
228.700000000	0.600130879
228.800000000	0.600130005
228.900000000	0.600129114
229.000000000	0.600128207
229.100000000	0.600127282
229.200000000	0.600126342
229.300000000	0.600125385
229.400000000	0.600124413
229.500000000	0.600123426
229.600000000	0.600122424
229.700000000	0.600121407
229.800000000	0.600120376
229.900000000	0.600119331
230.000000000	0.600118273
230.100000000	0.600117202
230.200000000	0.600116118
230.300000000	0.600115021
230.400000000	0.600113912
230.500000000	0.600112792
230.600000000	0.600111659
230.700000000	0.600110516
230.800000000	0.600109362
230.900000000	0.600108198
231.000000000	0.600107023
231.100000000	0.600105839
231.200000000	0.600104645
231.300000000	0.600103443
231.400000000	0.600102231
231.500000000	0.600101011
231.600000000	0.600099783
231.700000000	0.600098547
231.800000000	0.600097304
231.900000000	0.600096053
232.000000000	0.600094796
232.100000000	0.600093532
232.200000000	0.600092262
232.300000000	0.600090986
232.400000000	0.600089704
232.500000000	0.600088418
232.600000000	0.600087126
232.700000000	0.600085830
232.800000000	0.600084529
232.900000000	0.600083225
233.000000000	0.600081916
233.100000000	0.600080605
233.200000000	0.600079290
233.300000000	0.600077972
233.400000000	0.600076652
233.500000000	0.600075330
233.600000000	0.600074005
233.700000000	0.600072679
233.800000000	0.600071352
233.900000000	0.600070023
234.000000000	0.600068694
234.100000000	0.600067364
234.200000000	0.600066034
234.300000000	0.600064704
234.400000000	0.600063374
234.500000000	0.600062045
234.600000000	0.600060717
234.700000000	0.600059389
234.800000000	0.600058063
234.900000000	0.600056739
235.000000000	0.600055416
235.100000000	0.600054095
235.200000000	0.600052777
235.300000000	0.600051461
235.400000000	0.600050149
235.500000000	0.600048839
235.600000000	0.600047532
235.700000000	0.600046229
235.800000000	0.600044930
235.900000000	0.600043634
236.000000000	0.600042343
236.100000000	0.600041056
236.200000000	0.600039774
236.300000000	0.600038497
236.400000000	0.600037224
236.500000000	0.600035957
236.600000000	0.600034696
236.700000000	0.600033440
236.800000000	0.600032189
236.900000000	0.600030945
237.000000000	0.600029707
237.100000000	0.600028476
237.200000000	0.600027251
237.300000000	0.600026033
237.400000000	0.600024822
237.500000000	0.600023618
237.600000000	0.600022421
237.700000000	0.600021232
237.800000000	0.600020051
237.900000000	0.600018877
238.000000000	0.600017711
238.100000000	0.600016553
238.200000000	0.600015404
238.300000000	0.600014263
238.400000000	0.600013131
238.500000000	0.600012007
238.600000000	0.600010892
238.700000000	0.600009786
238.800000000	0.600008689
238.900000000	0.600007602
239.000000000	0.600006524
239.100000000	0.600005455
239.200000000	0.600004396
239.300000000	0.600003347
239.400000000	0.600002307
239.500000000	0.600001278
239.600000000	0.600000258
239.700000000	0.599999249
239.800000000	0.599998250
239.900000000	0.599997262
240.000000000	0.599996283
240.100000000	0.599995316
240.200000000	0.599994359
240.300000000	0.599993413
240.400000000	0.599992477
240.500000000	0.599991553
240.600000000	0.599990639
240.700000000	0.599989736
240.800000000	0.599988845
240.900000000	0.599987965
241.000000000	0.599987096
241.100000000	0.599986238
241.200000000	0.599985392
241.300000000	0.599984557
241.400000000	0.599983733
241.500000000	0.599982922
241.600000000	0.599982121
241.700000000	0.599981332
241.800000000	0.599980555
241.900000000	0.599979790
242.000000000	0.599979036
242.100000000	0.599978294
242.200000000	0.599977564
242.300000000	0.599976846
242.400000000	0.599976140
242.500000000	0.599975445
242.600000000	0.599974762
242.700000000	0.599974092
242.800000000	0.599973433
242.900000000	0.599972786
243.000000000	0.599972151
243.100000000	0.599971528
243.200000000	0.599970917
243.300000000	0.599970318
243.400000000	0.599969731
243.500000000	0.599969155
243.600000000	0.599968592
243.700000000	0.599968041
243.800000000	0.599967502
243.900000000	0.599966974
244.000000000	0.599966458
244.100000000	0.599965955
244.200000000	0.599965463
244.300000000	0.599964983
244.400000000	0.599964515
244.500000000	0.599964059
244.600000000	0.599963614
244.700000000	0.599963181
244.800000000	0.599962760
244.900000000	0.599962351
245.000000000	0.599961953
245.100000000	0.599961567
245.200000000	0.599961192
245.300000000	0.599960829
245.400000000	0.599960477
245.500000000	0.599960137
245.600000000	0.599959808
245.700000000	0.599959491
245.800000000	0.599959184
245.900000000	0.599958889
246.000000000	0.599958606
246.100000000	0.599958333
246.200000000	0.599958071
246.300000000	0.599957821
246.400000000	0.599957581
246.500000000	0.599957352
246.600000000	0.599957134
246.700000000	0.599956927
246.800000000	0.599956730
246.900000000	0.599956544
247.000000000	0.599956369
247.100000000	0.599956204
247.200000000	0.599956049
247.300000000	0.599955905
247.400000000	0.599955771
247.500000000	0.599955647
247.600000000	0.599955534
247.700000000	0.599955430
247.800000000	0.599955336
247.900000000	0.599955252
248.000000000	0.599955178
248.100000000	0.599955114
248.200000000	0.599955059
248.300000000	0.599955013
248.400000000	0.599954978
248.500000000	0.599954951
248.600000000	0.599954934
248.700000000	0.599954926
248.800000000	0.599954926
248.900000000	0.599954936
249.000000000	0.599954955
249.100000000	0.599954983
249.200000000	0.599955019
249.300000000	0.599955064
249.400000000	0.599955117
249.500000000	0.599955179
249.600000000	0.599955249
249.700000000	0.599955328
249.800000000	0.599955414
249.900000000	0.599955509
250.000000000	0.599955611
250.100000000	0.599955721
250.200000000	0.599955839
250.300000000	0.599955965
250.400000000	0.599956098
250.500000000	0.599956238
250.600000000	0.599956386
250.700000000	0.599956541
250.800000000	0.599956703
250.900000000	0.599956872
251.000000000	0.599957048
251.100000000	0.599957231
251.200000000	0.599957421
251.300000000	0.599957617
251.400000000	0.599957819
251.500000000	0.599958028
251.600000000	0.599958244
251.700000000	0.599958465
251.800000000	0.599958692
251.900000000	0.599958926
252.000000000	0.599959165
252.100000000	0.599959410
252.200000000	0.599959661
252.300000000	0.599959917
252.400000000	0.599960178
252.500000000	0.599960445
252.600000000	0.599960717
252.700000000	0.599960994
252.800000000	0.599961276
252.900000000	0.599961563
253.000000000	0.599961855
253.100000000	0.599962152
253.200000000	0.599962453
253.300000000	0.599962758
253.400000000	0.599963068
253.500000000	0.599963382
253.600000000	0.599963701
253.700000000	0.599964023
253.800000000	0.599964349
253.900000000	0.599964679
254.000000000	0.599965013
254.100000000	0.599965351
254.200000000	0.599965692
254.300000000	0.599966036
254.400000000	0.599966384
254.500000000	0.599966735
254.600000000	0.599967089
254.700000000	0.599967446
254.800000000	0.599967806
254.900000000	0.599968168
255.000000000	0.599968534
255.100000000	0.599968902
255.200000000	0.599969273
255.300000000	0.599969646
255.400000000	0.599970021
255.500000000	0.599970398
255.600000000	0.599970778
255.700000000	0.599971160
255.800000000	0.599971543
255.900000000	0.599971929
256.000000000	0.599972316
256.100000000	0.599972705
256.200000000	0.599973095
256.300000000	0.599973487
256.400000000	0.599973880
256.500000000	0.599974275
256.600000000	0.599974670
256.700000000	0.599975067
256.800000000	0.599975465
256.900000000	0.599975864
257.000000000	0.599976263
257.100000000	0.599976663
257.200000000	0.599977064
257.300000000	0.599977466
257.400000000	0.599977868
257.500000000	0.599978270
257.600000000	0.599978672
257.700000000	0.599979075
257.800000000	0.599979478
257.900000000	0.599979881
258.000000000	0.599980284
258.100000000	0.599980687
258.200000000	0.599981090
258.300000000	0.599981493
258.400000000	0.599981895
258.500000000	0.599982297
258.600000000	0.599982698
258.700000000	0.599983099
258.800000000	0.599983499
258.900000000	0.599983898
259.000000000	0.599984297
259.100000000	0.599984695
259.200000000	0.599985092
259.300000000	0.599985488
259.400000000	0.599985883
259.500000000	0.599986276
259.600000000	0.599986669
259.700000000	0.599987060
259.800000000	0.599987450
259.900000000	0.599987839
260.000000000	0.599988226
260.100000000	0.599988611
260.200000000	0.599988996
260.300000000	0.599989378
260.400000000	0.599989759
260.500000000	0.599990138
260.600000000	0.599990515
260.700000000	0.599990890
260.800000000	0.599991264
260.900000000	0.599991635
261.000000000	0.599992004
261.100000000	0.599992372
261.200000000	0.599992737
261.300000000	0.599993100
261.400000000	0.599993460
261.500000000	0.599993819
261.600000000	0.599994175
261.700000000	0.599994529
261.800000000	0.599994880
261.900000000	0.599995229
262.000000000	0.599995575
262.100000000	0.599995919
262.200000000	0.599996260
262.300000000	0.599996599
262.400000000	0.599996935
262.500000000	0.599997268
262.600000000	0.599997598
262.700000000	0.599997926
262.800000000	0.599998250
262.900000000	0.599998572
263.000000000	0.599998891
263.100000000	0.599999207
263.200000000	0.599999520
263.300000000	0.599999830
263.400000000	0.600000137
263.500000000	0.600000441
263.600000000	0.600000741
263.700000000	0.600001039
263.800000000	0.600001334
263.900000000	0.600001625
264.000000000	0.600001913
264.100000000	0.600002198
264.200000000	0.600002479
264.300000000	0.600002757
264.400000000	0.600003032
264.500000000	0.600003304
264.600000000	0.600003572
264.700000000	0.600003837
264.800000000	0.600004099
264.900000000	0.600004357
265.000000000	0.600004612
265.100000000	0.600004863
265.200000000	0.600005111
265.300000000	0.600005355
265.400000000	0.600005596
265.500000000	0.600005833
265.600000000	0.600006067
265.700000000	0.600006297
265.800000000	0.600006524
265.900000000	0.600006747
266.000000000	0.600006967
266.100000000	0.600007183
266.200000000	0.600007395
266.300000000	0.600007604
266.400000000	0.600007809
266.500000000	0.600008011
266.600000000	0.600008209
266.700000000	0.600008404
266.800000000	0.600008595
266.900000000	0.600008782
267.000000000	0.600008966
267.100000000	0.600009146
267.200000000	0.600009323
267.300000000	0.600009496
267.400000000	0.600009665
267.500000000	0.600009831
267.600000000	0.600009993
267.700000000	0.600010151
267.800000000	0.600010306
267.900000000	0.600010458
268.000000000	0.600010605
268.100000000	0.600010750
268.200000000	0.600010890
268.300000000	0.600011027
268.400000000	0.600011161
268.500000000	0.600011291
268.600000000	0.600011417
268.700000000	0.600011540
268.800000000	0.600011660
268.900000000	0.600011776
269.000000000	0.600011888
269.100000000	0.600011997
269.200000000	0.600012103
269.300000000	0.600012205
269.400000000	0.600012303
269.500000000	0.600012398
269.600000000	0.600012490
269.700000000	0.600012579
269.800000000	0.600012664
269.900000000	0.600012745
270.000000000	0.600012823
270.100000000	0.600012898
270.200000000	0.600012970
270.300000000	0.600013038
270.400000000	0.600013104
270.500000000	0.600013165
270.600000000	0.600013224
270.700000000	0.600013279
270.800000000	0.600013332
270.900000000	0.600013381
271.000000000	0.600013427
271.100000000	0.600013469
271.200000000	0.600013509
271.300000000	0.600013546
271.400000000	0.600013579
271.500000000	0.600013610
271.600000000	0.600013637
271.700000000	0.600013662
271.800000000	0.600013683
271.900000000	0.600013702
272.000000000	0.600013718
272.100000000	0.600013730
272.200000000	0.600013740
272.300000000	0.600013748
272.400000000	0.600013752
272.500000000	0.600013753
272.600000000	0.600013752
272.700000000	0.600013748
272.800000000	0.600013742
272.900000000	0.600013732
273.000000000	0.600013720
273.100000000	0.600013706
273.200000000	0.600013689
273.300000000	0.600013669
273.400000000	0.600013647
273.500000000	0.600013622
273.600000000	0.600013595
273.700000000	0.600013566
273.800000000	0.600013534
273.900000000	0.600013499
274.000000000	0.600013463
274.100000000	0.600013424
274.200000000	0.600013382
274.300000000	0.600013339
274.400000000	0.600013293
274.500000000	0.600013245
274.600000000	0.600013195
274.700000000	0.600013143
274.800000000	0.600013088
274.900000000	0.600013032
275.000000000	0.600012973
275.100000000	0.600012913
275.200000000	0.600012850
275.300000000	0.600012786
275.400000000	0.600012720
275.500000000	0.600012652
275.600000000	0.600012582
275.700000000	0.600012510
275.800000000	0.600012436
275.900000000	0.600012361
276.000000000	0.600012284
276.100000000	0.600012206
276.200000000	0.600012125
276.300000000	0.600012043
276.400000000	0.600011960
276.500000000	0.600011875
276.600000000	0.600011788
276.700000000	0.600011700
276.800000000	0.600011610
276.900000000	0.600011519
277.000000000	0.600011427
277.100000000	0.600011333
277.200000000	0.600011238
277.300000000	0.600011142
277.400000000	0.600011044
277.500000000	0.600010946
277.600000000	0.600010846
277.700000000	0.600010745
277.800000000	0.600010642
277.900000000	0.600010539
278.000000000	0.600010434
278.100000000	0.600010329
278.200000000	0.600010222
278.300000000	0.600010115
278.400000000	0.600010006
278.500000000	0.600009897
278.600000000	0.600009787
278.700000000	0.600009676
278.800000000	0.600009564
278.900000000	0.600009451
279.000000000	0.600009338
279.100000000	0.600009223
279.200000000	0.600009109
279.300000000	0.600008993
279.400000000	0.600008877
279.500000000	0.600008760
279.600000000	0.600008643
279.700000000	0.600008525
279.800000000	0.600008406
279.900000000	0.600008287
280.000000000	0.600008168
280.100000000	0.600008048
280.200000000	0.600007928
280.300000000	0.600007807
280.400000000	0.600007686
280.500000000	0.600007565
280.600000000	0.600007443
280.700000000	0.600007321
280.800000000	0.600007199
280.900000000	0.600007077
281.000000000	0.600006954
281.100000000	0.600006831
281.200000000	0.600006708
281.300000000	0.600006585
281.400000000	0.600006462
281.500000000	0.600006339
281.600000000	0.600006216
281.700000000	0.600006093
281.800000000	0.600005970
281.900000000	0.600005847
282.000000000	0.600005723
282.100000000	0.600005600
282.200000000	0.600005478
282.300000000	0.600005355
282.400000000	0.600005232
282.500000000	0.600005110
282.600000000	0.600004988
282.700000000	0.600004866
282.800000000	0.600004744
282.900000000	0.600004622
283.000000000	0.600004501
283.100000000	0.600004380
283.200000000	0.600004260
283.300000000	0.600004140
283.400000000	0.600004020
283.500000000	0.600003900
283.600000000	0.600003781
283.700000000	0.600003663
283.800000000	0.600003545
283.900000000	0.600003427
284.000000000	0.600003310
284.100000000	0.600003193
284.200000000	0.600003077
284.300000000	0.600002961
284.400000000	0.600002846
284.500000000	0.600002732
284.600000000	0.600002618
284.700000000	0.600002505
284.800000000	0.600002392
284.900000000	0.600002280
285.000000000	0.600002169
285.100000000	0.600002058
285.200000000	0.600001948
285.300000000	0.600001839
285.400000000	0.600001730
285.500000000	0.600001622
285.600000000	0.600001515
285.700000000	0.600001409
285.800000000	0.600001304
285.900000000	0.600001199
286.000000000	0.600001095
286.100000000	0.600000992
286.200000000	0.600000890
286.300000000	0.600000788
286.400000000	0.600000688
286.500000000	0.600000588
286.600000000	0.600000489
286.700000000	0.600000391
286.800000000	0.600000294
286.900000000	0.600000198
287.000000000	0.600000103
287.100000000	0.600000009
287.200000000	0.599999915
287.300000000	0.599999823
287.400000000	0.599999731
287.500000000	0.599999641
287.600000000	0.599999551
287.700000000	0.599999463
287.800000000	0.599999375
287.900000000	0.599999289
288.000000000	0.599999203
288.100000000	0.599999119
288.200000000	0.599999035
288.300000000	0.599998953
288.400000000	0.599998871
288.500000000	0.599998791
288.600000000	0.599998711
288.700000000	0.599998633
288.800000000	0.599998556
288.900000000	0.599998480
289.000000000	0.599998404
289.100000000	0.599998330
289.200000000	0.599998257
289.300000000	0.599998185
289.400000000	0.599998114
289.500000000	0.599998045
289.600000000	0.599997976
289.700000000	0.599997908
289.800000000	0.599997842
289.900000000	0.599997776
290.000000000	0.599997712
290.100000000	0.599997649
290.200000000	0.599997586
290.300000000	0.599997525
290.400000000	0.599997465
290.500000000	0.599997407
290.600000000	0.599997349
290.700000000	0.599997292
290.800000000	0.599997237
290.900000000	0.599997182
291.000000000	0.599997129
291.100000000	0.599997077
291.200000000	0.599997026
291.300000000	0.599996976
291.400000000	0.599996927
291.500000000	0.599996879
291.600000000	0.599996832
291.700000000	0.599996786
291.800000000	0.599996742
291.900000000	0.599996698
292.000000000	0.599996656
292.100000000	0.599996615
292.200000000	0.599996575
292.300000000	0.599996535
292.400000000	0.599996497
292.500000000	0.599996460
292.600000000	0.599996425
292.700000000	0.599996390
292.800000000	0.599996356
292.900000000	0.599996323
293.000000000	0.599996292
293.100000000	0.599996261
293.200000000	0.599996232
293.300000000	0.599996203
293.400000000	0.599996176
293.500000000	0.599996149
293.600000000	0.599996124
293.700000000	0.599996100
293.800000000	0.599996076
293.900000000	0.599996054
294.000000000	0.599996033
294.100000000	0.599996012
294.200000000	0.599995993
294.300000000	0.599995975
294.400000000	0.599995957
294.500000000	0.599995941
294.600000000	0.599995926
294.700000000	0.599995911
294.800000000	0.599995898
294.900000000	0.599995885
295.000000000	0.599995874
295.100000000	0.599995863
295.200000000	0.599995853
295.300000000	0.599995844
295.400000000	0.599995837
295.500000000	0.599995830
295.600000000	0.599995824
295.700000000	0.599995818
295.800000000	0.599995814
295.900000000	0.599995811
296.000000000	0.599995808
296.100000000	0.599995806
296.200000000	0.599995806
296.300000000	0.599995806
296.400000000	0.599995806
296.500000000	0.599995808
296.600000000	0.599995811
296.700000000	0.599995814
296.800000000	0.599995818
296.900000000	0.599995823
297.000000000	0.599995829
297.100000000	0.599995835
297.200000000	0.599995842
297.300000000	0.599995850
297.400000000	0.599995859
297.500000000	0.599995868
297.600000000	0.599995879
297.700000000	0.599995889
297.800000000	0.599995901
297.900000000	0.599995913
298.000000000	0.599995926
298.100000000	0.599995940
298.200000000	0.599995954
298.300000000	0.599995969
298.400000000	0.599995985
298.500000000	0.599996001
298.600000000	0.599996018
298.700000000	0.599996036
298.800000000	0.599996054
298.900000000	0.599996073
299.000000000	0.599996092
299.100000000	0.599996112
299.200000000	0.599996133
299.300000000	0.599996154
299.400000000	0.599996175
299.500000000	0.599996198
299.600000000	0.599996220
299.700000000	0.599996244
299.800000000	0.599996267
299.900000000	0.599996292
300.000000000	0.599996317
