a=0.0050  b1=0.0100  Dc=10.000 law=d k=0.001 Vo =1.000

-10.000	0.600000000
0.0000	0.600000000
0.000000050	0.600000000
0.000000100	0.600000000
0.010000100	0.600089909
0.020000100	0.600179636
0.030000100	0.600269175
0.040000100	0.600358525
0.050000100	0.600447681
0.060000100	0.600536640
0.070000100	0.600625399
0.080000100	0.600713953
0.090000100	0.600802300
0.100000100	0.600890435
0.110000100	0.600978354
0.120000100	0.601066055
0.130000100	0.601153531
0.140000100	0.601240781
0.150000100	0.601327798
0.160000100	0.601414580
0.170000100	0.601501123
0.180000100	0.601587420
0.190000100	0.601673469
0.200000100	0.601759265
0.210000100	0.601844803
0.220000100	0.601930078
0.230000100	0.602015086
0.240000100	0.602099821
0.250000100	0.602184280
0.260000100	0.602268457
0.270000100	0.602352346
0.280000100	0.602435943
0.290000100	0.602519243
0.300000100	0.602602239
0.310000100	0.602684927
0.320000100	0.602767301
0.330000100	0.602849355
0.340000100	0.602931084
0.350000100	0.603012481
0.360000100	0.603093541
0.370000100	0.603174257
0.380000100	0.603254624
0.390000100	0.603334635
0.400000100	0.603414284
0.410000100	0.603493563
0.420000100	0.603572467
0.430000100	0.603650989
0.440000100	0.603729122
0.450000100	0.603806858
0.460000100	0.603884192
0.470000100	0.603961114
0.480000100	0.604037619
0.490000100	0.604113699
0.500000100	0.604189345
0.510000100	0.604264551
0.520000100	0.604339308
0.530000100	0.604413608
0.540000100	0.604487443
0.550000100	0.604560805
0.560000100	0.604633686
0.570000100	0.604706076
0.580000100	0.604777967
0.590000100	0.604849350
0.600000100	0.604920215
0.610000100	0.604990555
0.620000100	0.605060359
0.630000100	0.605129618
0.640000100	0.605198321
0.650000100	0.605266460
0.660000100	0.605334024
0.670000100	0.605401003
0.680000100	0.605467387
0.690000100	0.605533164
0.700000100	0.605598324
0.710000100	0.605662857
0.720000100	0.605726751
0.730000100	0.605789995
0.740000100	0.605852577
0.750000100	0.605914486
0.760000100	0.605975709
0.770000100	0.606036236
0.780000100	0.606096052
0.790000100	0.606155147
0.800000100	0.606213506
0.810000100	0.606271118
0.820000100	0.606327969
0.830000100	0.606384046
0.840000100	0.606439335
0.850000100	0.606493822
0.860000100	0.606547494
0.870000100	0.606600336
0.880000100	0.606652334
0.890000100	0.606703473
0.900000100	0.606753738
0.910000100	0.606803113
0.920000100	0.606851584
0.930000100	0.606899135
0.940000100	0.606945750
0.950000100	0.606991412
0.960000100	0.607036105
0.970000100	0.607079813
0.980000100	0.607122518
0.990000100	0.607164204
1.000000100	0.607204852
1.010000100	0.607244446
1.020000100	0.607282966
1.030000100	0.607320395
1.040000100	0.607356714
1.050000100	0.607391905
1.060000100	0.607425947
1.070000100	0.607458822
1.080000100	0.607490510
1.090000100	0.607520990
1.100000100	0.607550243
1.110000100	0.607578248
1.120000100	0.607604984
1.130000100	0.607630429
1.140000100	0.607654563
1.150000100	0.607677363
1.160000100	0.607698807
1.170000100	0.607718873
1.180000100	0.607737538
1.190000100	0.607754778
1.200000100	0.607770571
1.210000100	0.607784894
1.220000100	0.607797720
1.230000100	0.607809028
1.240000100	0.607818791
1.250000100	0.607826985
1.260000100	0.607833585
1.270000100	0.607838565
1.280000100	0.607841899
1.290000100	0.607843561
1.298311496	0.607843651
1.310000100	0.607841762
1.320000100	0.607838248
1.330000100	0.607832954
1.340000100	0.607825851
1.350000100	0.607816914
1.360000100	0.607806112
1.370000100	0.607793417
1.380000100	0.607778802
1.390000100	0.607762235
1.400000100	0.607743688
1.410000100	0.607723131
1.420000100	0.607700535
1.430000100	0.607675868
1.440000100	0.607649101
1.450000100	0.607620203
1.460000100	0.607589143
1.470000100	0.607555889
1.480000100	0.607520411
1.490000100	0.607482677
1.500000100	0.607442655
1.510000100	0.607400314
1.520000100	0.607355621
1.530000100	0.607308544
1.540000100	0.607259052
1.550000100	0.607207112
1.560000100	0.607152691
1.570000100	0.607095758
1.580000100	0.607036280
1.590000100	0.606974225
1.600000100	0.606909559
1.610000100	0.606842252
1.620000100	0.606772271
1.630000100	0.606699584
1.640000100	0.606624159
1.650000100	0.606545965
1.660000100	0.606464969
1.670000100	0.606381142
1.680000100	0.606294453
1.690000100	0.606204870
1.700000100	0.606112365
1.710000100	0.606016907
1.720000100	0.605918468
1.730000100	0.605817020
1.740000100	0.605712535
1.750000100	0.605604986
1.760000100	0.605494347
1.770000100	0.605380593
1.780000100	0.605263699
1.790000100	0.605143642
1.800000100	0.605020400
1.810000100	0.604893953
1.820000100	0.604764279
1.830000100	0.604631361
1.840000100	0.604495182
1.850000100	0.604355727
1.860000100	0.604212981
1.870000100	0.604066933
1.880000100	0.603917573
1.890000100	0.603764893
1.900000100	0.603608887
1.910000100	0.603449551
1.920000100	0.603286884
1.930000100	0.603120887
1.940000100	0.602951565
1.950000100	0.602778923
1.960000100	0.602602971
1.970000100	0.602423723
1.980000100	0.602241193
1.990000100	0.602055402
2.000000100	0.601866372
2.010000100	0.601674130
2.020000100	0.601478706
2.030000100	0.601280134
2.040000100	0.601078454
2.050000100	0.600873707
2.060000100	0.600665942
2.070000100	0.600455210
2.080000100	0.600241568
2.090000100	0.600025077
2.100000100	0.599805805
2.110000100	0.599583823
2.120000100	0.599359208
2.130000100	0.599132043
2.140000100	0.598902416
2.150000100	0.598670419
2.160000100	0.598436153
2.170000100	0.598199722
2.180000100	0.597961236
2.190000100	0.597720811
2.200000100	0.597478570
2.210000100	0.597234639
2.220000100	0.596989152
2.230000100	0.596742246
2.240000100	0.596494066
2.250000100	0.596244760
2.260000100	0.595994482
2.270000100	0.595743391
2.280000100	0.595491649
2.290000100	0.595239423
2.300000100	0.594986885
2.310000100	0.594734208
2.320000100	0.594481571
2.330000100	0.594229152
2.340000100	0.593977135
2.350000100	0.593725703
2.360000100	0.593475041
2.370000100	0.593225334
2.380000100	0.592976769
2.390000100	0.592729530
2.400000100	0.592483800
2.410000100	0.592239763
2.420000100	0.591997598
2.430000100	0.591757481
2.440000100	0.591519585
2.450000100	0.591284080
2.460000100	0.591051130
2.470000100	0.590820892
2.480000100	0.590593521
2.490000100	0.590369163
2.500000100	0.590147958
2.510000100	0.589930038
2.520000100	0.589715529
2.530000100	0.589504548
2.540000100	0.589297203
2.550000100	0.589093596
2.560000100	0.588893818
2.570000100	0.588697953
2.580000100	0.588506076
2.590000100	0.588318251
2.600000100	0.588134537
2.610000100	0.587954982
2.620000100	0.587779626
2.630000100	0.587608500
2.640000100	0.587441627
2.650000100	0.587279023
2.660000100	0.587120697
2.670000100	0.586966648
2.680000100	0.586816869
2.690000100	0.586671349
2.700000100	0.586530066
2.710000100	0.586392997
2.720000100	0.586260109
2.730000100	0.586131367
2.740000100	0.586006731
2.750000100	0.585886153
2.760000100	0.585769587
2.770000100	0.585656978
2.780000100	0.585548271
2.790000100	0.585443406
2.800000100	0.585342322
2.810000100	0.585244956
2.820000100	0.585151241
2.830000100	0.585061110
2.840000100	0.584974495
2.850000100	0.584891326
2.860000100	0.584811532
2.870000100	0.584735043
2.880000100	0.584661786
2.890000100	0.584591691
2.900000100	0.584524685
2.910000100	0.584460697
2.920000100	0.584399656
2.930000100	0.584341492
2.940000100	0.584286134
2.950000100	0.584233513
2.960000100	0.584183560
2.970000100	0.584136208
2.980000100	0.584091391
2.990000100	0.584049042
3.000000100	0.584009097
3.010000100	0.583971493
3.020000100	0.583936168
3.030000100	0.583903060
3.040000100	0.583872110
3.050000100	0.583843259
3.060000100	0.583816450
3.070000100	0.583791627
3.080000100	0.583768736
3.090000100	0.583747724
3.100000100	0.583728537
3.110000100	0.583711126
3.120000100	0.583695441
3.130000100	0.583681433
3.140000100	0.583669056
3.150000100	0.583658264
3.160000100	0.583649012
3.170000100	0.583641256
3.180000100	0.583634956
3.190000100	0.583630068
3.200000100	0.583626555
3.210000100	0.583624375
3.220000100	0.583623493
3.230000100	0.583623870
3.240000100	0.583625472
3.250000100	0.583628263
3.260000100	0.583632210
3.270000100	0.583637279
3.280000100	0.583643439
3.290000100	0.583650659
3.300000100	0.583658909
3.310000100	0.583668159
3.320000100	0.583678380
3.330000100	0.583689546
3.340000100	0.583701629
3.350000100	0.583714602
3.360000100	0.583728441
3.370000100	0.583743121
3.380000100	0.583758617
3.390000100	0.583774906
3.400000100	0.583791966
3.410000100	0.583809774
3.420000100	0.583828308
3.430000100	0.583847548
3.440000100	0.583867474
3.450000100	0.583888065
3.460000100	0.583909303
3.470000100	0.583931168
3.480000100	0.583953642
3.490000100	0.583976707
3.500000100	0.584000347
3.510000100	0.584024543
3.520000100	0.584049280
3.530000100	0.584074542
3.540000100	0.584100313
3.550000100	0.584126578
3.560000100	0.584153322
3.570000100	0.584180530
3.580000100	0.584208189
3.590000100	0.584236284
3.600000100	0.584264803
3.610000100	0.584293732
3.620000100	0.584323058
3.630000100	0.584352770
3.640000100	0.584382854
3.650000100	0.584413300
3.660000100	0.584444094
3.670000100	0.584475227
3.680000100	0.584506687
3.690000100	0.584538463
3.700000100	0.584570545
3.710000100	0.584602922
3.720000100	0.584635584
3.730000100	0.584668522
3.740000100	0.584701725
3.750000100	0.584735185
3.760000100	0.584768892
3.770000100	0.584802837
3.780000100	0.584837010
3.790000100	0.584871405
3.800000100	0.584906011
3.810000100	0.584940821
3.820000100	0.584975827
3.830000100	0.585011020
3.840000100	0.585046393
3.850000100	0.585081938
3.860000100	0.585117648
3.870000100	0.585153514
3.880000100	0.585189531
3.890000100	0.585225691
3.900000100	0.585261986
3.910000100	0.585298410
3.920000100	0.585334957
3.930000100	0.585371619
3.940000100	0.585408390
3.950000100	0.585445265
3.960000100	0.585482236
3.970000100	0.585519297
3.980000100	0.585556443
3.990000100	0.585593667
4.000000100	0.585630964
4.010000100	0.585668328
4.020000100	0.585705752
4.030000100	0.585743233
4.040000100	0.585780764
4.050000100	0.585818339
4.060000100	0.585855954
4.070000100	0.585893603
4.080000100	0.585931281
4.090000100	0.585968983
4.100000100	0.586006704
4.110000100	0.586044439
4.120000100	0.586082183
4.130000100	0.586119932
4.140000100	0.586157680
4.150000100	0.586195423
4.160000100	0.586233157
4.170000100	0.586270876
4.180000100	0.586308577
4.190000100	0.586346255
4.200000100	0.586383905
4.210000100	0.586421524
4.220000100	0.586459107
4.230000100	0.586496649
4.240000100	0.586534147
4.250000100	0.586571597
4.260000100	0.586608994
4.270000100	0.586646335
4.280000100	0.586683615
4.290000100	0.586720831
4.300000100	0.586757979
4.310000100	0.586795054
4.320000100	0.586832054
4.330000100	0.586868974
4.340000100	0.586905811
4.350000100	0.586942561
4.360000100	0.586979221
4.370000100	0.587015786
4.380000100	0.587052254
4.390000100	0.587088620
4.400000100	0.587124882
4.410000100	0.587161035
4.420000100	0.587197077
4.430000100	0.587233004
4.440000100	0.587268813
4.450000100	0.587304501
4.460000100	0.587340063
4.470000100	0.587375498
4.480000100	0.587410801
4.490000100	0.587445970
4.500000100	0.587481001
4.510000100	0.587515891
4.520000100	0.587550638
4.530000100	0.587585238
4.540000100	0.587619688
4.550000100	0.587653985
4.560000100	0.587688126
4.570000100	0.587722109
4.580000100	0.587755929
4.590000100	0.587789585
4.600000100	0.587823074
4.610000100	0.587856392
4.620000100	0.587889536
4.630000100	0.587922505
4.640000100	0.587955296
4.650000100	0.587987904
4.660000100	0.588020329
4.670000100	0.588052566
4.680000100	0.588084614
4.690000100	0.588116470
4.700000100	0.588148131
4.710000100	0.588179595
4.720000100	0.588210859
4.730000100	0.588241920
4.740000100	0.588272776
4.750000100	0.588303425
4.760000100	0.588333864
4.770000100	0.588364090
4.780000100	0.588394102
4.790000100	0.588423896
4.800000100	0.588453471
4.810000100	0.588482824
4.820000100	0.588511952
4.830000100	0.588540855
4.840000100	0.588569528
4.850000100	0.588597970
4.860000100	0.588626179
4.870000100	0.588654152
4.880000100	0.588681888
4.890000100	0.588709384
4.900000100	0.588736638
4.910000100	0.588763649
4.920000100	0.588790413
4.930000100	0.588816929
4.940000100	0.588843195
4.950000100	0.588869209
4.960000100	0.588894968
4.970000100	0.588920472
4.980000100	0.588945718
4.990000100	0.588970705
5.000000100	0.588995429
5.010000100	0.589019890
5.020000100	0.589044086
5.030000100	0.589068015
5.040000100	0.589091676
5.050000100	0.589115066
5.060000100	0.589138183
5.070000100	0.589161027
5.080000100	0.589183596
5.090000100	0.589205888
5.100000100	0.589227901
5.110000100	0.589249634
5.120000100	0.589271086
5.130000100	0.589292254
5.140000100	0.589313139
5.150000100	0.589333737
5.160000100	0.589354048
5.170000100	0.589374071
5.180000100	0.589393804
5.190000100	0.589413245
5.200000100	0.589432395
5.210000100	0.589451251
5.220000100	0.589469812
5.230000100	0.589488077
5.240000100	0.589506046
5.250000100	0.589523716
5.260000100	0.589541088
5.270000100	0.589558159
5.280000100	0.589574930
5.290000100	0.589591399
5.300000100	0.589607565
5.310000100	0.589623427
5.320000100	0.589638986
5.330000100	0.589654239
5.340000100	0.589669186
5.350000100	0.589683827
5.360000100	0.589698161
5.370000100	0.589712187
5.380000100	0.589725905
5.390000100	0.589739314
5.400000100	0.589752414
5.410000100	0.589765204
5.420000100	0.589777684
5.430000100	0.589789854
5.440000100	0.589801713
5.450000100	0.589813261
5.460000100	0.589824497
5.470000100	0.589835423
5.480000100	0.589846037
5.490000100	0.589856339
5.500000100	0.589866330
5.510000100	0.589876009
5.520000100	0.589885377
5.530000100	0.589894434
5.540000100	0.589903179
5.550000100	0.589911613
5.560000100	0.589919736
5.570000100	0.589927548
5.580000100	0.589935051
5.590000100	0.589942243
5.600000100	0.589949127
5.610000100	0.589955701
5.620000100	0.589961967
5.630000100	0.589967925
5.640000100	0.589973576
5.650000100	0.589978921
5.660000100	0.589983959
5.670000100	0.589988693
5.680000100	0.589993123
5.690000100	0.589997249
5.700000100	0.590001073
5.710000100	0.590004596
5.720000100	0.590007818
5.730000100	0.590010742
5.740000100	0.590013367
5.750000100	0.590015695
5.760000100	0.590017727
5.770000100	0.590019465
5.780000100	0.590020910
5.790000100	0.590022063
5.800000100	0.590022925
5.810000100	0.590023499
5.820000100	0.590023786
5.830000100	0.590023787
5.840000100	0.590023504
5.850000100	0.590022938
5.860000100	0.590022092
5.870000100	0.590020967
5.880000100	0.590019564
5.890000100	0.590017887
5.900000100	0.590015936
5.910000100	0.590013715
5.920000100	0.590011223
5.930000100	0.590008465
5.940000100	0.590005442
5.950000100	0.590002156
5.960000100	0.589998609
5.970000100	0.589994803
5.980000100	0.589990742
5.990000100	0.589986427
6.000000100	0.589981860
6.010000100	0.589977045
6.020000100	0.589971983
6.030000100	0.589966678
6.040000100	0.589961131
6.050000100	0.589955345
6.060000100	0.589949323
6.070000100	0.589943068
6.080000100	0.589936583
6.090000100	0.589929869
6.100000100	0.589922931
6.110000100	0.589915771
6.120000100	0.589908391
6.130000100	0.589900795
6.140000100	0.589892986
6.150000100	0.589884967
6.160000100	0.589876740
6.170000100	0.589868309
6.180000100	0.589859677
6.190000100	0.589850848
6.200000100	0.589841823
6.210000100	0.589832607
6.220000100	0.589823203
6.230000100	0.589813614
6.240000100	0.589803843
6.250000100	0.589793894
6.260000100	0.589783770
6.270000100	0.589773474
6.280000100	0.589763010
6.290000100	0.589752381
6.300000100	0.589741591
6.310000100	0.589730643
6.320000100	0.589719541
6.330000100	0.589708288
6.340000100	0.589696887
6.350000100	0.589685343
6.360000100	0.589673658
6.370000100	0.589661837
6.380000100	0.589649883
6.390000100	0.589637799
6.400000100	0.589625589
6.410000100	0.589613257
6.420000100	0.589600807
6.430000100	0.589588241
6.440000100	0.589575564
6.450000100	0.589562780
6.460000100	0.589549891
6.470000100	0.589536903
6.480000100	0.589523817
6.490000100	0.589510638
6.500000100	0.589497371
6.510000100	0.589484017
6.520000100	0.589470581
6.530000100	0.589457067
6.540000100	0.589443479
6.550000100	0.589429819
6.560000100	0.589416092
6.570000100	0.589402301
6.580000100	0.589388450
6.590000100	0.589374542
6.600000100	0.589360581
6.610000100	0.589346571
6.620000100	0.589332515
6.630000100	0.589318417
6.640000100	0.589304280
6.650000100	0.589290108
6.660000100	0.589275904
6.670000100	0.589261672
6.680000100	0.589247416
6.690000100	0.589233138
6.700000100	0.589218842
6.710000100	0.589204532
6.720000100	0.589190211
6.730000100	0.589175882
6.740000100	0.589161549
6.750000100	0.589147215
6.760000100	0.589132882
6.770000100	0.589118556
6.780000100	0.589104238
6.790000100	0.589089931
6.800000100	0.589075640
6.810000100	0.589061367
6.820000100	0.589047115
6.830000100	0.589032888
6.840000100	0.589018687
6.850000100	0.589004517
6.860000100	0.588990380
6.870000100	0.588976280
6.880000100	0.588962218
6.890000100	0.588948198
6.900000100	0.588934223
6.910000100	0.588920295
6.920000100	0.588906417
6.930000100	0.588892592
6.940000100	0.588878823
6.950000100	0.588865111
6.960000100	0.588851461
6.970000100	0.588837873
6.980000100	0.588824351
6.990000100	0.588810897
7.000000100	0.588797513
7.010000100	0.588784203
7.020000100	0.588770967
7.030000100	0.588757809
7.040000100	0.588744730
7.050000100	0.588731733
7.060000100	0.588718819
7.070000100	0.588705992
7.080000100	0.588693253
7.090000100	0.588680603
7.100000100	0.588668046
7.110000100	0.588655582
7.120000100	0.588643214
7.130000100	0.588630944
7.140000100	0.588618772
7.150000100	0.588606702
7.160000100	0.588594734
7.170000100	0.588582871
7.180000100	0.588571113
7.190000100	0.588559463
7.200000100	0.588547921
7.210000100	0.588536490
7.220000100	0.588525171
7.230000100	0.588513964
7.240000100	0.588502872
7.250000100	0.588491896
7.260000100	0.588481036
7.270000100	0.588470294
7.280000100	0.588459672
7.290000100	0.588449170
7.300000100	0.588438789
7.310000100	0.588428530
7.320000100	0.588418394
7.330000100	0.588408383
7.340000100	0.588398497
7.350000100	0.588388736
7.360000100	0.588379102
7.370000100	0.588369596
7.380000100	0.588360217
7.390000100	0.588350968
7.400000100	0.588341847
7.410000100	0.588332857
7.420000100	0.588323997
7.430000100	0.588315268
7.440000100	0.588306670
7.450000100	0.588298205
7.460000100	0.588289871
7.470000100	0.588281670
7.480000100	0.588273602
7.490000100	0.588265668
7.500000100	0.588257866
7.510000100	0.588250199
7.520000100	0.588242665
7.530000100	0.588235265
7.540000100	0.588227999
7.550000100	0.588220867
7.560000100	0.588213869
7.570000100	0.588207006
7.580000100	0.588200276
7.590000100	0.588193680
7.600000100	0.588187219
7.610000100	0.588180891
7.620000100	0.588174697
7.630000100	0.588168636
7.640000100	0.588162709
7.650000100	0.588156914
7.660000100	0.588151252
7.670000100	0.588145723
7.680000100	0.588140325
7.690000100	0.588135060
7.700000100	0.588129925
7.710000100	0.588124922
7.720000100	0.588120049
7.730000100	0.588115306
7.740000100	0.588110693
7.750000100	0.588106208
7.760000100	0.588101853
7.770000100	0.588097625
7.780000100	0.588093524
7.790000100	0.588089550
7.800000100	0.588085703
7.810000100	0.588081981
7.820000100	0.588078383
7.830000100	0.588074910
7.840000100	0.588071561
7.850000100	0.588068334
7.860000100	0.588065229
7.870000100	0.588062246
7.880000100	0.588059383
7.890000100	0.588056639
7.900000100	0.588054015
7.910000100	0.588051509
7.920000100	0.588049119
7.930000100	0.588046847
7.940000100	0.588044690
7.950000100	0.588042647
7.960000100	0.588040718
7.970000100	0.588038902
7.980000100	0.588037198
7.990000100	0.588035606
8.000000100	0.588034123
8.010000100	0.588032749
8.020000100	0.588031483
8.030000100	0.588030325
8.040000100	0.588029272
8.050000100	0.588028325
8.060000100	0.588027482
8.070000100	0.588026742
8.080000100	0.588026104
8.090000100	0.588025568
8.100000100	0.588025131
8.110000100	0.588024793
8.120000100	0.588024554
8.130000100	0.588024411
8.140000100	0.588024364
8.150000100	0.588024411
8.160000100	0.588024552
8.170000100	0.588024786
8.180000100	0.588025111
8.190000100	0.588025527
8.200000100	0.588026032
8.210000100	0.588026625
8.220000100	0.588027305
8.230000100	0.588028070
8.240000100	0.588028921
8.250000100	0.588029855
8.260000100	0.588030872
8.270000100	0.588031970
8.280000100	0.588033148
8.290000100	0.588034406
8.300000100	0.588035741
8.310000100	0.588037154
8.320000100	0.588038642
8.330000100	0.588040204
8.340000100	0.588041840
8.350000100	0.588043549
8.360000100	0.588045328
8.370000100	0.588047177
8.380000100	0.588049096
8.390000100	0.588051081
8.400000100	0.588053134
8.410000100	0.588055252
8.420000100	0.588057434
8.430000100	0.588059679
8.440000100	0.588061986
8.450000100	0.588064355
8.460000100	0.588066782
8.470000100	0.588069269
8.480000100	0.588071813
8.490000100	0.588074413
8.500000100	0.588077068
8.510000100	0.588079778
8.520000100	0.588082540
8.530000100	0.588085354
8.540000100	0.588088219
8.550000100	0.588091134
8.560000100	0.588094097
8.570000100	0.588097108
8.580000100	0.588100165
8.590000100	0.588103267
8.600000100	0.588106413
8.610000100	0.588109602
8.620000100	0.588112833
8.630000100	0.588116105
8.640000100	0.588119417
8.650000100	0.588122767
8.660000100	0.588126155
8.670000100	0.588129580
8.680000100	0.588133040
8.690000100	0.588136535
8.700000100	0.588140063
8.710000100	0.588143623
8.720000100	0.588147215
8.730000100	0.588150837
8.740000100	0.588154489
8.750000100	0.588158169
8.760000100	0.588161876
8.770000100	0.588165609
8.780000100	0.588169368
8.790000100	0.588173151
8.800000100	0.588176958
8.810000100	0.588180786
8.820000100	0.588184637
8.830000100	0.588188507
8.840000100	0.588192397
8.850000100	0.588196306
8.860000100	0.588200232
8.870000100	0.588204174
8.880000100	0.588208133
8.890000100	0.588212106
8.900000100	0.588216093
8.910000100	0.588220093
8.920000100	0.588224105
8.930000100	0.588228128
8.940000100	0.588232161
8.950000100	0.588236204
8.960000100	0.588240255
8.970000100	0.588244314
8.980000100	0.588248380
8.990000100	0.588252452
9.000000100	0.588256529
9.010000100	0.588260610
9.020000100	0.588264694
9.030000100	0.588268782
9.040000100	0.588272871
9.050000100	0.588276961
9.060000100	0.588281051
9.070000100	0.588285141
9.080000100	0.588289230
9.090000100	0.588293316
9.100000100	0.588297400
9.110000100	0.588301480
9.120000100	0.588305555
9.130000100	0.588309626
9.140000100	0.588313691
9.150000100	0.588317749
9.160000100	0.588321800
9.170000100	0.588325844
9.180000100	0.588329878
9.190000100	0.588333904
9.200000100	0.588337919
9.210000100	0.588341924
9.220000100	0.588345917
9.230000100	0.588349899
9.240000100	0.588353868
9.250000100	0.588357824
9.260000100	0.588361766
9.270000100	0.588365693
9.280000100	0.588369606
9.290000100	0.588373503
9.300000100	0.588377383
9.310000100	0.588381247
9.320000100	0.588385094
9.330000100	0.588388922
9.340000100	0.588392733
9.350000100	0.588396524
9.360000100	0.588400295
9.370000100	0.588404046
9.380000100	0.588407777
9.390000100	0.588411487
9.400000100	0.588415175
9.410000100	0.588418841
9.420000100	0.588422484
9.430000100	0.588426105
9.440000100	0.588429701
9.450000100	0.588433274
9.460000100	0.588436823
9.470000100	0.588440346
9.480000100	0.588443844
9.490000100	0.588447317
9.500000100	0.588450763
9.510000100	0.588454183
9.520000100	0.588457576
9.530000100	0.588460941
9.540000100	0.588464279
9.550000100	0.588467589
9.560000100	0.588470870
9.570000100	0.588474123
9.580000100	0.588477346
9.590000100	0.588480540
9.600000100	0.588483705
9.610000100	0.588486839
9.620000100	0.588489942
9.630000100	0.588493015
9.640000100	0.588496057
9.650000100	0.588499068
9.660000100	0.588502047
9.670000100	0.588504994
9.680000100	0.588507910
9.690000100	0.588510793
9.700000100	0.588513643
9.710000100	0.588516460
9.720000100	0.588519245
9.730000100	0.588521996
9.740000100	0.588524714
9.750000100	0.588527398
9.760000100	0.588530048
9.770000100	0.588532664
9.780000100	0.588535246
9.790000100	0.588537793
9.800000100	0.588540306
9.810000100	0.588542785
9.820000100	0.588545228
9.830000100	0.588547636
9.840000100	0.588550010
9.850000100	0.588552348
9.860000100	0.588554650
9.870000100	0.588556918
9.880000100	0.588559149
9.890000100	0.588561345
9.900000100	0.588563505
9.910000100	0.588565630
9.920000100	0.588567718
9.930000100	0.588569771
9.940000100	0.588571788
9.950000100	0.588573768
9.960000100	0.588575712
9.970000100	0.588577621
9.980000100	0.588579493
9.990000100	0.588581329
10.000000100	0.588583129
10.010000100	0.588584892
10.020000100	0.588586620
10.030000100	0.588588311
10.040000100	0.588589966
10.050000100	0.588591585
10.060000100	0.588593168
10.070000100	0.588594715
10.080000100	0.588596225
10.090000100	0.588597700
10.100000100	0.588599139
10.110000100	0.588600542
10.120000100	0.588601909
10.130000100	0.588603240
10.140000100	0.588604536
10.150000100	0.588605796
10.160000100	0.588607021
10.170000100	0.588608210
10.180000100	0.588609364
10.190000100	0.588610483
10.200000100	0.588611567
10.210000100	0.588612616
10.220000100	0.588613630
10.230000100	0.588614610
10.240000100	0.588615555
10.250000100	0.588616465
10.260000100	0.588617341
10.270000100	0.588618184
10.280000100	0.588618992
10.290000100	0.588619766
10.300000100	0.588620507
10.310000100	0.588621215
10.320000100	0.588621889
10.330000100	0.588622530
10.340000100	0.588623139
10.350000100	0.588623714
10.360000100	0.588624257
10.370000100	0.588624768
10.380000100	0.588625247
10.390000100	0.588625694
10.400000100	0.588626109
10.410000100	0.588626493
10.420000100	0.588626846
10.430000100	0.588627167
10.440000100	0.588627458
10.450000100	0.588627719
10.460000100	0.588627949
10.470000100	0.588628149
10.480000100	0.588628319
10.490000100	0.588628460
10.500000100	0.588628571
10.510000100	0.588628654
10.520000100	0.588628707
10.530000100	0.588628732
10.540000100	0.588628729
10.550000100	0.588628698
10.560000100	0.588628640
10.570000100	0.588628553
10.580000100	0.588628440
10.590000100	0.588628300
10.600000100	0.588628133
10.610000100	0.588627940
10.620000100	0.588627721
10.630000100	0.588627477
10.640000100	0.588627206
10.650000100	0.588626911
10.660000100	0.588626591
10.670000100	0.588626246
10.680000100	0.588625878
10.690000100	0.588625485
10.700000100	0.588625069
10.710000100	0.588624629
10.720000100	0.588624167
10.730000100	0.588623681
10.740000100	0.588623174
10.750000100	0.588622644
10.760000100	0.588622093
10.770000100	0.588621520
10.780000100	0.588620926
10.790000100	0.588620311
10.800000100	0.588619676
10.810000100	0.588619021
10.820000100	0.588618346
10.830000100	0.588617652
10.840000100	0.588616938
10.850000100	0.588616206
10.860000100	0.588615455
10.870000100	0.588614686
10.880000100	0.588613899
10.890000100	0.588613095
10.900000100	0.588612273
10.910000100	0.588611435
10.920000100	0.588610580
10.930000100	0.588609709
10.940000100	0.588608822
10.950000100	0.588607920
10.960000100	0.588607002
10.970000100	0.588606069
10.980000100	0.588605122
10.990000100	0.588604161
11.000000100	0.588603186
11.010000100	0.588602197
11.020000100	0.588601196
11.030000100	0.588600181
11.040000100	0.588599154
11.050000100	0.588598114
11.060000100	0.588597063
11.070000100	0.588596000
11.080000100	0.588594926
11.090000100	0.588593840
11.100000100	0.588592745
11.110000100	0.588591639
11.120000100	0.588590523
11.130000100	0.588589397
11.140000100	0.588588262
11.150000100	0.588587119
11.160000100	0.588585966
11.170000100	0.588584805
11.180000100	0.588583636
11.190000100	0.588582460
11.200000100	0.588581276
11.210000100	0.588580084
11.220000100	0.588578886
11.230000100	0.588577682
11.240000100	0.588576471
11.250000100	0.588575255
11.260000100	0.588574033
11.270000100	0.588572805
11.280000100	0.588571573
11.290000100	0.588570336
11.300000100	0.588569095
11.310000100	0.588567849
11.320000100	0.588566600
11.330000100	0.588565347
11.340000100	0.588564091
11.350000100	0.588562832
11.360000100	0.588561570
11.370000100	0.588560306
11.380000100	0.588559040
11.390000100	0.588557772
11.400000100	0.588556503
11.410000100	0.588555232
11.420000100	0.588553960
11.430000100	0.588552688
11.440000100	0.588551415
11.450000100	0.588550141
11.460000100	0.588548868
11.470000100	0.588547595
11.480000100	0.588546323
11.490000100	0.588545051
11.500000100	0.588543781
11.510000100	0.588542512
11.520000100	0.588541244
11.530000100	0.588539978
11.540000100	0.588538714
11.550000100	0.588537453
11.560000100	0.588536194
11.570000100	0.588534937
11.580000100	0.588533684
11.590000100	0.588532433
11.600000100	0.588531186
11.610000100	0.588529943
11.620000100	0.588528704
11.630000100	0.588527468
11.640000100	0.588526237
11.650000100	0.588525010
11.660000100	0.588523788
11.670000100	0.588522570
11.680000100	0.588521358
11.690000100	0.588520151
11.700000100	0.588518949
11.710000100	0.588517753
11.720000100	0.588516563
11.730000100	0.588515379
11.740000100	0.588514201
11.750000100	0.588513029
11.760000100	0.588511864
11.770000100	0.588510705
11.780000100	0.588509554
11.790000100	0.588508409
11.800000100	0.588507272
11.810000100	0.588506141
11.820000100	0.588505019
11.830000100	0.588503904
11.840000100	0.588502796
11.850000100	0.588501697
11.860000100	0.588500606
11.870000100	0.588499523
11.880000100	0.588498448
11.890000100	0.588497382
11.900000100	0.588496324
11.910000100	0.588495275
11.920000100	0.588494235
11.930000100	0.588493204
11.940000100	0.588492182
11.950000100	0.588491170
11.960000100	0.588490166
11.970000100	0.588489172
11.980000100	0.588488188
11.990000100	0.588487213
12.000000100	0.588486248
12.010000100	0.588485293
12.020000100	0.588484348
12.030000100	0.588483412
12.040000100	0.588482487
12.050000100	0.588481572
12.060000100	0.588480668
12.070000100	0.588479773
12.080000100	0.588478889
12.090000100	0.588478016
12.100000100	0.588477153
12.110000100	0.588476301
12.120000100	0.588475460
12.130000100	0.588474629
12.140000100	0.588473809
12.150000100	0.588473000
12.160000100	0.588472202
12.170000100	0.588471415
12.180000100	0.588470639
12.190000100	0.588469874
12.200000100	0.588469120
12.210000100	0.588468377
12.220000100	0.588467646
12.230000100	0.588466926
12.240000100	0.588466217
12.250000100	0.588465519
12.260000100	0.588464833
12.270000100	0.588464157
12.280000100	0.588463494
12.290000100	0.588462841
12.300000100	0.588462201
12.310000100	0.588461571
12.320000100	0.588460953
12.330000100	0.588460346
12.340000100	0.588459751
12.350000100	0.588459167
12.360000100	0.588458595
12.370000100	0.588458034
12.380000100	0.588457485
12.390000100	0.588456947
12.400000100	0.588456420
12.410000100	0.588455905
12.420000100	0.588455401
12.430000100	0.588454909
12.440000100	0.588454428
12.450000100	0.588453958
12.460000100	0.588453500
12.470000100	0.588453053
12.480000100	0.588452617
12.490000100	0.588452193
12.500000100	0.588451780
12.510000100	0.588451378
12.520000100	0.588450987
12.530000100	0.588450607
12.540000100	0.588450239
12.550000100	0.588449881
12.560000100	0.588449535
12.570000100	0.588449199
12.580000100	0.588448874
12.590000100	0.588448561
12.600000100	0.588448258
12.610000100	0.588447966
12.620000100	0.588447684
12.630000100	0.588447414
12.640000100	0.588447154
12.650000100	0.588446904
12.660000100	0.588446666
12.670000100	0.588446437
12.680000100	0.588446219
12.690000100	0.588446011
12.700000100	0.588445814
12.710000100	0.588445627
12.720000100	0.588445450
12.730000100	0.588445283
12.740000100	0.588445126
12.750000100	0.588444979
12.760000100	0.588444842
12.770000100	0.588444715
12.780000100	0.588444597
12.790000100	0.588444489
12.800000100	0.588444391
12.810000100	0.588444302
12.820000100	0.588444223
12.830000100	0.588444153
12.840000100	0.588444092
12.850000100	0.588444040
12.860000100	0.588443998
12.870000100	0.588443964
12.880000100	0.588443940
12.890000100	0.588443924
12.900000100	0.588443917
12.910000100	0.588443919
12.920000100	0.588443929
12.930000100	0.588443948
12.940000100	0.588443975
12.950000100	0.588444011
12.960000100	0.588444055
12.970000100	0.588444107
12.980000100	0.588444167
12.990000100	0.588444235
13.000000100	0.588444310
13.010000100	0.588444394
13.020000100	0.588444485
13.030000100	0.588444584
13.040000100	0.588444690
13.050000100	0.588444804
13.060000100	0.588444925
13.070000100	0.588445053
13.080000100	0.588445188
13.090000100	0.588445330
13.100000100	0.588445480
13.110000100	0.588445635
13.120000100	0.588445798
13.130000100	0.588445967
13.140000100	0.588446143
13.150000100	0.588446325
13.160000100	0.588446513
13.170000100	0.588446708
13.180000100	0.588446909
13.190000100	0.588447115
13.200000100	0.588447328
13.210000100	0.588447546
13.220000100	0.588447770
13.230000100	0.588448000
13.240000100	0.588448235
13.250000100	0.588448475
13.260000100	0.588448721
13.270000100	0.588448972
13.280000100	0.588449228
13.290000100	0.588449489
13.300000100	0.588449755
13.310000100	0.588450025
13.320000100	0.588450301
13.330000100	0.588450581
13.340000100	0.588450865
13.350000100	0.588451154
13.360000100	0.588451446
13.370000100	0.588451744
13.380000100	0.588452045
13.390000100	0.588452350
13.400000100	0.588452659
13.410000100	0.588452972
13.420000100	0.588453288
13.430000100	0.588453608
13.440000100	0.588453931
13.450000100	0.588454258
13.460000100	0.588454588
13.470000100	0.588454922
13.480000100	0.588455258
13.490000100	0.588455597
13.500000100	0.588455939
13.510000100	0.588456284
13.520000100	0.588456632
13.530000100	0.588456982
13.540000100	0.588457335
13.550000100	0.588457690
13.560000100	0.588458047
13.570000100	0.588458407
13.580000100	0.588458769
13.590000100	0.588459132
13.600000100	0.588459498
13.610000100	0.588459865
13.620000100	0.588460235
13.630000100	0.588460606
13.640000100	0.588460978
13.650000100	0.588461352
13.660000100	0.588461727
13.670000100	0.588462104
13.680000100	0.588462482
13.690000100	0.588462861
13.700000100	0.588463241
13.710000100	0.588463622
13.720000100	0.588464003
13.730000100	0.588464386
13.740000100	0.588464769
13.750000100	0.588465153
13.760000100	0.588465538
13.770000100	0.588465923
13.780000100	0.588466308
13.790000100	0.588466693
13.800000100	0.588467079
13.810000100	0.588467465
13.820000100	0.588467851
13.830000100	0.588468237
13.840000100	0.588468623
13.850000100	0.588469008
13.860000100	0.588469394
13.870000100	0.588469779
13.880000100	0.588470164
13.890000100	0.588470548
13.900000100	0.588470931
13.910000100	0.588471315
13.920000100	0.588471697
13.930000100	0.588472079
13.940000100	0.588472459
13.950000100	0.588472839
13.960000100	0.588473218
13.970000100	0.588473596
13.980000100	0.588473973
13.990000100	0.588474349
14.000000100	0.588474723
14.010000100	0.588475097
14.020000100	0.588475469
14.030000100	0.588475839
14.040000100	0.588476208
14.050000100	0.588476576
14.060000100	0.588476942
14.070000100	0.588477306
14.080000100	0.588477669
14.090000100	0.588478030
14.100000100	0.588478389
14.110000100	0.588478746
14.120000100	0.588479102
14.130000100	0.588479455
14.140000100	0.588479807
14.150000100	0.588480156
14.160000100	0.588480504
14.170000100	0.588480849
14.180000100	0.588481192
14.190000100	0.588481533
14.200000100	0.588481871
14.210000100	0.588482207
14.220000100	0.588482541
14.230000100	0.588482872
14.240000100	0.588483201
14.250000100	0.588483528
14.260000100	0.588483852
14.270000100	0.588484173
14.280000100	0.588484491
14.290000100	0.588484808
14.300000100	0.588485121
14.310000100	0.588485431
14.320000100	0.588485739
14.330000100	0.588486044
14.340000100	0.588486347
14.350000100	0.588486646
14.360000100	0.588486943
14.370000100	0.588487236
14.380000100	0.588487527
14.390000100	0.588487814
14.400000100	0.588488099
14.410000100	0.588488381
14.420000100	0.588488659
14.430000100	0.588488935
14.440000100	0.588489207
14.450000100	0.588489476
14.460000100	0.588489742
14.470000100	0.588490005
14.480000100	0.588490265
14.490000100	0.588490522
14.500000100	0.588490775
14.510000100	0.588491025
14.520000100	0.588491272
14.530000100	0.588491515
14.540000100	0.588491756
14.550000100	0.588491992
14.560000100	0.588492226
14.570000100	0.588492456
14.580000100	0.588492683
14.590000100	0.588492907
14.600000100	0.588493127
14.610000100	0.588493343
14.620000100	0.588493557
14.630000100	0.588493767
14.640000100	0.588493973
14.650000100	0.588494176
14.660000100	0.588494376
14.670000100	0.588494572
14.680000100	0.588494765
14.690000100	0.588494954
14.700000100	0.588495140
14.710000100	0.588495323
14.720000100	0.588495502
14.730000100	0.588495677
14.740000100	0.588495850
14.750000100	0.588496018
14.760000100	0.588496183
14.770000100	0.588496345
14.780000100	0.588496504
14.790000100	0.588496658
14.800000100	0.588496810
14.810000100	0.588496958
14.820000100	0.588497102
14.830000100	0.588497244
14.840000100	0.588497381
14.850000100	0.588497516
14.860000100	0.588497647
14.870000100	0.588497774
14.880000100	0.588497898
14.890000100	0.588498019
14.900000100	0.588498136
14.910000100	0.588498250
14.920000100	0.588498361
14.930000100	0.588498468
14.940000100	0.588498572
14.950000100	0.588498673
14.960000100	0.588498770
14.970000100	0.588498864
14.980000100	0.588498955
14.990000100	0.588499042
15.000000100	0.588499127
15.010000100	0.588499208
15.020000100	0.588499286
15.030000100	0.588499360
15.040000100	0.588499432
15.050000100	0.588499500
15.060000100	0.588499565
15.070000100	0.588499627
15.080000100	0.588499686
15.090000100	0.588499742
15.100000100	0.588499794
15.110000100	0.588499844
15.120000100	0.588499891
15.130000100	0.588499934
15.140000100	0.588499975
15.150000100	0.588500013
15.160000100	0.588500047
15.170000100	0.588500079
15.180000100	0.588500108
15.190000100	0.588500134
15.200000100	0.588500157
15.210000100	0.588500178
15.220000100	0.588500195
15.230000100	0.588500210
15.240000100	0.588500222
15.250000100	0.588500231
15.260000100	0.588500238
15.270000100	0.588500241
15.280000100	0.588500243
15.290000100	0.588500241
15.300000100	0.588500237
15.310000100	0.588500231
15.320000100	0.588500221
15.330000100	0.588500210
15.340000100	0.588500196
15.350000100	0.588500179
15.360000100	0.588500160
15.370000100	0.588500138
15.380000100	0.588500114
15.390000100	0.588500088
15.400000100	0.588500060
15.410000100	0.588500029
15.420000100	0.588499996
15.430000100	0.588499960
15.440000100	0.588499923
15.450000100	0.588499883
15.460000100	0.588499841
15.470000100	0.588499797
15.480000100	0.588499751
15.490000100	0.588499703
15.500000100	0.588499652
15.510000100	0.588499600
15.520000100	0.588499546
15.530000100	0.588499490
15.540000100	0.588499432
15.550000100	0.588499372
15.560000100	0.588499310
15.570000100	0.588499246
15.580000100	0.588499181
15.590000100	0.588499114
15.600000100	0.588499045
15.610000100	0.588498974
15.620000100	0.588498902
15.630000100	0.588498828
15.640000100	0.588498752
15.650000100	0.588498675
15.660000100	0.588498597
15.670000100	0.588498517
15.680000100	0.588498435
15.690000100	0.588498352
15.700000100	0.588498267
15.710000100	0.588498182
15.720000100	0.588498094
15.730000100	0.588498006
15.740000100	0.588497916
15.750000100	0.588497825
15.760000100	0.588497732
15.770000100	0.588497639
15.780000100	0.588497544
15.790000100	0.588497448
15.800000100	0.588497351
15.810000100	0.588497253
15.820000100	0.588497154
15.830000100	0.588497054
15.840000100	0.588496953
15.850000100	0.588496851
15.860000100	0.588496748
15.870000100	0.588496644
15.880000100	0.588496539
15.890000100	0.588496433
15.900000100	0.588496327
15.910000100	0.588496220
15.920000100	0.588496112
15.930000100	0.588496003
15.940000100	0.588495894
15.950000100	0.588495784
15.960000100	0.588495673
15.970000100	0.588495562
15.980000100	0.588495450
15.990000100	0.588495337
16.000000100	0.588495224
16.010000100	0.588495111
16.020000100	0.588494997
16.030000100	0.588494882
16.040000100	0.588494768
16.050000100	0.588494652
16.060000100	0.588494537
16.070000100	0.588494421
16.080000100	0.588494305
16.090000100	0.588494188
16.100000100	0.588494071
16.110000100	0.588493955
16.120000100	0.588493837
16.130000100	0.588493720
16.140000100	0.588493602
16.150000100	0.588493485
16.160000100	0.588493367
16.170000100	0.588493249
16.180000100	0.588493131
16.190000100	0.588493013
16.200000100	0.588492895
16.210000100	0.588492777
16.220000100	0.588492660
16.230000100	0.588492542
16.240000100	0.588492424
16.250000100	0.588492306
16.260000100	0.588492189
16.270000100	0.588492071
16.280000100	0.588491954
16.290000100	0.588491837
16.300000100	0.588491721
16.310000100	0.588491604
16.320000100	0.588491488
16.330000100	0.588491372
16.340000100	0.588491256
16.350000100	0.588491141
16.360000100	0.588491026
16.370000100	0.588490911
16.380000100	0.588490797
16.390000100	0.588490683
16.400000100	0.588490569
16.410000100	0.588490456
16.420000100	0.588490344
16.430000100	0.588490231
16.440000100	0.588490120
16.450000100	0.588490009
16.460000100	0.588489898
16.470000100	0.588489788
16.480000100	0.588489678
16.490000100	0.588489569
16.500000100	0.588489461
16.510000100	0.588489353
16.520000100	0.588489246
16.530000100	0.588489140
16.540000100	0.588489034
16.550000100	0.588488928
16.560000100	0.588488824
16.570000100	0.588488720
16.580000100	0.588488617
16.590000100	0.588488515
16.600000100	0.588488413
16.610000100	0.588488312
16.620000100	0.588488212
16.630000100	0.588488112
16.640000100	0.588488014
16.650000100	0.588487916
16.660000100	0.588487819
16.670000100	0.588487723
16.680000100	0.588487627
16.690000100	0.588487533
16.700000100	0.588487439
16.710000100	0.588487346
16.720000100	0.588487254
16.730000100	0.588487163
16.740000100	0.588487073
16.750000100	0.588486984
16.760000100	0.588486895
16.770000100	0.588486808
16.780000100	0.588486721
16.790000100	0.588486636
16.800000100	0.588486551
16.810000100	0.588486468
16.820000100	0.588486385
16.830000100	0.588486303
16.840000100	0.588486222
16.850000100	0.588486142
16.860000100	0.588486063
16.870000100	0.588485985
16.880000100	0.588485909
16.890000100	0.588485833
16.900000100	0.588485758
16.910000100	0.588485684
16.920000100	0.588485611
16.930000100	0.588485539
16.940000100	0.588485468
16.950000100	0.588485399
16.960000100	0.588485330
16.970000100	0.588485262
16.980000100	0.588485195
16.990000100	0.588485130
17.000000100	0.588485065
17.010000100	0.588485001
17.020000100	0.588484939
17.030000100	0.588484877
17.040000100	0.588484817
17.050000100	0.588484757
17.060000100	0.588484699
17.070000100	0.588484642
17.080000100	0.588484586
17.090000100	0.588484530
17.100000100	0.588484476
17.110000100	0.588484423
17.120000100	0.588484371
17.130000100	0.588484320
17.140000100	0.588484270
17.150000100	0.588484222
17.160000100	0.588484174
17.170000100	0.588484127
17.180000100	0.588484081
17.190000100	0.588484037
17.200000100	0.588483993
17.210000100	0.588483951
17.220000100	0.588483909
17.230000100	0.588483869
17.240000100	0.588483829
17.250000100	0.588483791
17.260000100	0.588483754
17.270000100	0.588483717
17.280000100	0.588483682
17.290000100	0.588483648
17.300000100	0.588483614
17.310000100	0.588483582
17.320000100	0.588483551
17.330000100	0.588483521
17.340000100	0.588483492
17.350000100	0.588483464
17.360000100	0.588483436
17.370000100	0.588483410
17.380000100	0.588483385
17.390000100	0.588483361
17.400000100	0.588483338
17.410000100	0.588483315
17.420000100	0.588483294
17.430000100	0.588483274
17.440000100	0.588483255
17.450000100	0.588483236
17.460000100	0.588483219
17.470000100	0.588483202
17.480000100	0.588483187
17.490000100	0.588483172
17.500000100	0.588483158
17.510000100	0.588483145
17.520000100	0.588483134
17.530000100	0.588483123
17.540000100	0.588483113
17.550000100	0.588483103
17.560000100	0.588483095
17.570000100	0.588483088
17.580000100	0.588483081
17.590000100	0.588483075
17.600000100	0.588483070
17.610000100	0.588483066
17.620000100	0.588483063
17.630000100	0.588483061
17.640000100	0.588483059
17.650000100	0.588483059
17.660000100	0.588483059
17.670000100	0.588483060
17.680000100	0.588483061
17.690000100	0.588483064
17.700000100	0.588483067
17.710000100	0.588483071
17.720000100	0.588483076
17.730000100	0.588483081
17.740000100	0.588483087
17.750000100	0.588483094
17.760000100	0.588483102
17.770000100	0.588483111
17.780000100	0.588483120
17.790000100	0.588483130
17.800000100	0.588483140
17.810000100	0.588483151
17.820000100	0.588483163
17.830000100	0.588483176
17.840000100	0.588483189
17.850000100	0.588483203
17.860000100	0.588483217
17.870000100	0.588483232
17.880000100	0.588483248
17.890000100	0.588483264
17.900000100	0.588483281
17.910000100	0.588483298
17.920000100	0.588483316
17.930000100	0.588483335
17.940000100	0.588483354
17.950000100	0.588483374
17.960000100	0.588483394
17.970000100	0.588483415
17.980000100	0.588483436
17.990000100	0.588483458
18.000000100	0.588483480
18.010000100	0.588483503
18.020000100	0.588483527
18.030000100	0.588483550
18.040000100	0.588483575
18.050000100	0.588483599
18.060000100	0.588483624
18.070000100	0.588483650
18.080000100	0.588483676
18.090000100	0.588483702
18.100000100	0.588483729
18.110000100	0.588483757
18.120000100	0.588483784
18.130000100	0.588483812
18.140000100	0.588483841
18.150000100	0.588483869
18.160000100	0.588483898
18.170000100	0.588483928
18.180000100	0.588483958
18.190000100	0.588483988
18.200000100	0.588484018
18.210000100	0.588484049
18.220000100	0.588484080
18.230000100	0.588484111
18.240000100	0.588484143
18.250000100	0.588484174
18.260000100	0.588484206
18.270000100	0.588484239
18.280000100	0.588484271
18.290000100	0.588484304
18.300000100	0.588484337
18.310000100	0.588484371
18.320000100	0.588484404
18.330000100	0.588484438
18.340000100	0.588484472
18.350000100	0.588484506
18.360000100	0.588484540
18.370000100	0.588484574
18.380000100	0.588484609
18.390000100	0.588484643
18.400000100	0.588484678
18.410000100	0.588484713
18.420000100	0.588484748
18.430000100	0.588484783
18.440000100	0.588484819
18.450000100	0.588484854
18.460000100	0.588484890
18.470000100	0.588484925
18.480000100	0.588484961
18.490000100	0.588484996
18.500000100	0.588485032
18.510000100	0.588485068
18.520000100	0.588485104
18.530000100	0.588485140
18.540000100	0.588485176
18.550000100	0.588485212
18.560000100	0.588485248
18.570000100	0.588485284
18.580000100	0.588485319
18.590000100	0.588485355
18.600000100	0.588485391
18.610000100	0.588485427
18.620000100	0.588485463
18.630000100	0.588485499
18.640000100	0.588485535
18.650000100	0.588485570
18.660000100	0.588485606
18.670000100	0.588485642
18.680000100	0.588485677
18.690000100	0.588485713
18.700000100	0.588485748
18.710000100	0.588485784
18.720000100	0.588485819
18.730000100	0.588485854
18.740000100	0.588485889
18.750000100	0.588485924
18.760000100	0.588485959
18.770000100	0.588485993
18.780000100	0.588486028
18.790000100	0.588486062
18.800000100	0.588486096
18.810000100	0.588486130
18.820000100	0.588486164
18.830000100	0.588486198
18.840000100	0.588486232
18.850000100	0.588486265
18.860000100	0.588486299
18.870000100	0.588486332
18.880000100	0.588486365
18.890000100	0.588486397
18.900000100	0.588486430
18.910000100	0.588486462
18.920000100	0.588486494
18.930000100	0.588486526
18.940000100	0.588486558
18.950000100	0.588486590
18.960000100	0.588486621
18.970000100	0.588486652
18.980000100	0.588486683
18.990000100	0.588486714
19.000000100	0.588486744
19.010000100	0.588486774
19.020000100	0.588486804
19.030000100	0.588486834
19.040000100	0.588486863
19.050000100	0.588486892
19.060000100	0.588486921
19.070000100	0.588486950
19.080000100	0.588486979
19.090000100	0.588487007
19.100000100	0.588487035
19.110000100	0.588487062
19.120000100	0.588487090
19.130000100	0.588487117
19.140000100	0.588487143
19.150000100	0.588487170
19.160000100	0.588487196
19.170000100	0.588487222
19.180000100	0.588487248
19.190000100	0.588487273
19.200000100	0.588487298
19.210000100	0.588487323
19.220000100	0.588487347
19.230000100	0.588487372
19.240000100	0.588487396
19.250000100	0.588487419
19.260000100	0.588487442
19.270000100	0.588487465
19.280000100	0.588487488
19.290000100	0.588487510
19.300000100	0.588487532
19.310000100	0.588487554
19.320000100	0.588487576
19.330000100	0.588487597
19.340000100	0.588487618
19.350000100	0.588487638
19.360000100	0.588487658
19.370000100	0.588487678
19.380000100	0.588487698
19.390000100	0.588487717
19.400000100	0.588487736
19.410000100	0.588487754
19.420000100	0.588487773
19.430000100	0.588487791
19.440000100	0.588487808
19.450000100	0.588487825
19.460000100	0.588487842
19.470000100	0.588487859
19.480000100	0.588487875
19.490000100	0.588487891
19.500000100	0.588487907
19.510000100	0.588487923
19.520000100	0.588487938
19.530000100	0.588487952
19.540000100	0.588487967
19.550000100	0.588487981
19.560000100	0.588487995
19.570000100	0.588488008
19.580000100	0.588488021
19.590000100	0.588488034
19.600000100	0.588488046
19.610000100	0.588488059
19.620000100	0.588488070
19.630000100	0.588488082
19.640000100	0.588488093
19.650000100	0.588488104
19.660000100	0.588488115
19.670000100	0.588488125
19.680000100	0.588488135
19.690000100	0.588488145
19.700000100	0.588488154
19.710000100	0.588488163
19.720000100	0.588488172
19.730000100	0.588488180
19.740000100	0.588488188
19.750000100	0.588488196
19.760000100	0.588488204
19.770000100	0.588488211
19.780000100	0.588488218
19.790000100	0.588488224
19.800000100	0.588488231
19.810000100	0.588488237
19.820000100	0.588488243
19.830000100	0.588488248
19.840000100	0.588488253
19.850000100	0.588488258
19.860000100	0.588488263
19.870000100	0.588488267
19.880000100	0.588488271
19.890000100	0.588488275
19.900000100	0.588488278
19.910000100	0.588488282
19.920000100	0.588488284
19.930000100	0.588488287
19.940000100	0.588488290
19.950000100	0.588488292
19.960000100	0.588488294
19.970000100	0.588488295
19.980000100	0.588488297
19.990000100	0.588488298
20.000000100	0.588488298
20.010000100	0.588488299
20.020000100	0.588488299
20.030000100	0.588488299
20.040000100	0.588488299
20.050000100	0.588488299
20.060000100	0.588488298
20.070000100	0.588488297
20.080000100	0.588488296
20.090000100	0.588488295
20.100000100	0.588488293
20.110000100	0.588488292
20.120000100	0.588488290
20.130000100	0.588488287
20.140000100	0.588488285
20.150000100	0.588488282
20.160000100	0.588488279
20.170000100	0.588488276
20.180000100	0.588488273
20.190000100	0.588488269
20.200000100	0.588488266
20.210000100	0.588488262
20.220000100	0.588488258
20.230000100	0.588488253
20.240000100	0.588488249
20.250000100	0.588488244
20.260000100	0.588488239
20.270000100	0.588488234
20.280000100	0.588488229
20.290000100	0.588488224
20.300000100	0.588488218
20.310000100	0.588488212
20.320000100	0.588488206
20.330000100	0.588488200
20.340000100	0.588488194
20.350000100	0.588488188
20.360000100	0.588488181
20.370000100	0.588488174
20.380000100	0.588488167
20.390000100	0.588488160
20.400000100	0.588488153
20.410000100	0.588488146
20.420000100	0.588488138
20.430000100	0.588488131
20.440000100	0.588488123
20.450000100	0.588488115
20.460000100	0.588488107
20.470000100	0.588488099
20.480000100	0.588488091
20.490000100	0.588488082
20.500000100	0.588488074
20.510000100	0.588488065
20.520000100	0.588488057
20.530000100	0.588488048
20.540000100	0.588488039
20.550000100	0.588488030
20.560000100	0.588488021
20.570000100	0.588488011
20.580000100	0.588488002
20.590000100	0.588487993
20.600000100	0.588487983
20.610000100	0.588487974
20.620000100	0.588487964
20.630000100	0.588487954
20.640000100	0.588487944
20.650000100	0.588487935
20.660000100	0.588487925
20.670000100	0.588487914
20.680000100	0.588487904
20.690000100	0.588487894
20.700000100	0.588487884
20.710000100	0.588487874
20.720000100	0.588487863
20.730000100	0.588487853
20.740000100	0.588487842
20.750000100	0.588487832
20.760000100	0.588487821
20.770000100	0.588487811
20.780000100	0.588487800
20.790000100	0.588487789
20.800000100	0.588487779
20.810000100	0.588487768
20.820000100	0.588487757
20.830000100	0.588487746
20.840000100	0.588487736
20.850000100	0.588487725
20.860000100	0.588487714
20.870000100	0.588487703
20.880000100	0.588487692
20.890000100	0.588487681
20.900000100	0.588487670
20.910000100	0.588487659
20.920000100	0.588487648
20.930000100	0.588487637
20.940000100	0.588487626
20.950000100	0.588487615
20.960000100	0.588487604
20.970000100	0.588487593
20.980000100	0.588487582
20.990000100	0.588487571
21.000000100	0.588487561
21.010000100	0.588487550
21.020000100	0.588487539
21.030000100	0.588487528
21.040000100	0.588487517
21.050000100	0.588487506
21.060000100	0.588487495
21.070000100	0.588487484
21.080000100	0.588487474
21.090000100	0.588487463
21.100000100	0.588487452
21.110000100	0.588487441
21.120000100	0.588487431
21.130000100	0.588487420
21.140000100	0.588487410
21.150000100	0.588487399
21.160000100	0.588487388
21.170000100	0.588487378
21.180000100	0.588487368
21.190000100	0.588487357
21.200000100	0.588487347
21.210000100	0.588487337
21.220000100	0.588487326
21.230000100	0.588487316
21.240000100	0.588487306
21.250000100	0.588487296
21.260000100	0.588487286
21.270000100	0.588487276
21.280000100	0.588487266
21.290000100	0.588487256
21.300000100	0.588487246
21.310000100	0.588487237
21.320000100	0.588487227
21.330000100	0.588487218
21.340000100	0.588487208
21.350000100	0.588487199
21.360000100	0.588487189
21.370000100	0.588487180
21.380000100	0.588487171
21.390000100	0.588487161
21.400000100	0.588487152
21.410000100	0.588487143
21.420000100	0.588487134
21.430000100	0.588487126
21.440000100	0.588487117
21.450000100	0.588487108
21.460000100	0.588487099
21.470000100	0.588487091
21.480000100	0.588487082
21.490000100	0.588487074
21.500000100	0.588487066
21.510000100	0.588487057
21.520000100	0.588487049
21.530000100	0.588487041
21.540000100	0.588487033
21.550000100	0.588487025
21.560000100	0.588487018
21.570000100	0.588487010
21.580000100	0.588487002
21.590000100	0.588486995
21.600000100	0.588486987
21.610000100	0.588486980
21.620000100	0.588486973
21.630000100	0.588486966
21.640000100	0.588486959
21.650000100	0.588486952
21.660000100	0.588486945
21.670000100	0.588486938
21.680000100	0.588486931
21.690000100	0.588486925
21.700000100	0.588486918
21.710000100	0.588486912
21.720000100	0.588486906
21.730000100	0.588486899
21.740000100	0.588486893
21.750000100	0.588486887
21.760000100	0.588486881
21.770000100	0.588486876
21.780000100	0.588486870
21.790000100	0.588486864
21.800000100	0.588486859
21.810000100	0.588486853
21.820000100	0.588486848
21.830000100	0.588486843
21.840000100	0.588486838
21.850000100	0.588486833
21.860000100	0.588486828
21.870000100	0.588486823
21.880000100	0.588486818
21.890000100	0.588486813
21.900000100	0.588486809
21.910000100	0.588486805
21.920000100	0.588486800
21.930000100	0.588486796
21.940000100	0.588486792
21.950000100	0.588486788
21.960000100	0.588486784
21.970000100	0.588486780
21.980000100	0.588486776
21.990000100	0.588486772
22.000000100	0.588486769
22.010000100	0.588486765
22.020000100	0.588486762
22.030000100	0.588486759
22.040000100	0.588486756
22.050000100	0.588486753
22.060000100	0.588486750
22.070000100	0.588486747
22.080000100	0.588486744
22.090000100	0.588486741
22.100000100	0.588486739
22.110000100	0.588486736
22.120000100	0.588486734
22.130000100	0.588486731
22.140000100	0.588486729
22.150000100	0.588486727
22.160000100	0.588486725
22.170000100	0.588486723
22.180000100	0.588486721
22.190000100	0.588486719
22.200000100	0.588486717
22.210000100	0.588486716
22.220000100	0.588486714
22.230000100	0.588486713
22.240000100	0.588486711
22.250000100	0.588486710
22.260000100	0.588486709
22.270000100	0.588486708
22.280000100	0.588486707
22.290000100	0.588486706
22.300000100	0.588486705
22.310000100	0.588486704
22.320000100	0.588486704
22.330000100	0.588486703
22.340000100	0.588486702
22.350000100	0.588486702
22.360000100	0.588486702
22.370000100	0.588486701
22.380000100	0.588486701
22.390000100	0.588486701
22.400000100	0.588486701
22.410000100	0.588486701
22.420000100	0.588486701
22.430000100	0.588486701
22.440000100	0.588486701
22.450000100	0.588486702
22.460000100	0.588486702
22.470000100	0.588486703
22.480000100	0.588486703
22.490000100	0.588486704
22.500000100	0.588486704
22.510000100	0.588486705
22.520000100	0.588486706
22.530000100	0.588486707
22.540000100	0.588486708
22.550000100	0.588486709
22.560000100	0.588486710
22.570000100	0.588486711
22.580000100	0.588486712
22.590000100	0.588486713
22.600000100	0.588486714
22.610000100	0.588486716
22.620000100	0.588486717
22.630000100	0.588486719
22.640000100	0.588486720
22.650000100	0.588486722
22.660000100	0.588486723
22.670000100	0.588486725
22.680000100	0.588486727
22.690000100	0.588486728
22.700000100	0.588486730
22.710000100	0.588486732
22.720000100	0.588486734
22.730000100	0.588486736
22.740000100	0.588486738
22.750000100	0.588486740
22.760000100	0.588486742
22.770000100	0.588486745
22.780000100	0.588486747
22.790000100	0.588486749
22.800000100	0.588486751
22.810000100	0.588486754
22.820000100	0.588486756
22.830000100	0.588486758
22.840000100	0.588486761
22.850000100	0.588486763
22.860000100	0.588486766
22.870000100	0.588486768
22.880000100	0.588486771
22.890000100	0.588486774
22.900000100	0.588486776
22.910000100	0.588486779
22.920000100	0.588486782
22.930000100	0.588486785
22.940000100	0.588486787
22.950000100	0.588486790
22.960000100	0.588486793
22.970000100	0.588486796
22.980000100	0.588486799
22.990000100	0.588486802
23.000000100	0.588486805
23.010000100	0.588486808
23.020000100	0.588486811
23.030000100	0.588486814
23.040000100	0.588486817
23.050000100	0.588486820
23.060000100	0.588486823
23.070000100	0.588486826
23.080000100	0.588486829
23.090000100	0.588486832
23.100000100	0.588486836
23.110000100	0.588486839
23.120000100	0.588486842
23.130000100	0.588486845
23.140000100	0.588486848
23.150000100	0.588486852
23.160000100	0.588486855
23.170000100	0.588486858
23.180000100	0.588486861
23.190000100	0.588486865
23.200000100	0.588486868
23.210000100	0.588486871
23.220000100	0.588486875
23.230000100	0.588486878
23.240000100	0.588486881
23.250000100	0.588486885
23.260000100	0.588486888
23.270000100	0.588486891
23.280000100	0.588486895
23.290000100	0.588486898
23.300000100	0.588486901
23.310000100	0.588486905
23.320000100	0.588486908
23.330000100	0.588486911
23.340000100	0.588486915
23.350000100	0.588486918
23.360000100	0.588486921
23.370000100	0.588486925
23.380000100	0.588486928
23.390000100	0.588486931
23.400000100	0.588486935
23.410000100	0.588486938
23.420000100	0.588486941
23.430000100	0.588486945
23.440000100	0.588486948
23.450000100	0.588486951
23.460000100	0.588486955
23.470000100	0.588486958
23.480000100	0.588486961
23.490000100	0.588486964
23.500000100	0.588486968
23.510000100	0.588486971
23.520000100	0.588486974
23.530000100	0.588486977
23.540000100	0.588486980
23.550000100	0.588486984
23.560000100	0.588486987
23.570000100	0.588486990
23.580000100	0.588486993
23.590000100	0.588486996
23.600000100	0.588486999
23.610000100	0.588487002
23.620000100	0.588487006
23.630000100	0.588487009
23.640000100	0.588487012
23.650000100	0.588487015
23.660000100	0.588487018
23.670000100	0.588487021
23.680000100	0.588487024
23.690000100	0.588487027
23.700000100	0.588487030
23.710000100	0.588487032
23.720000100	0.588487035
23.730000100	0.588487038
23.740000100	0.588487041
23.750000100	0.588487044
23.760000100	0.588487047
23.770000100	0.588487049
23.780000100	0.588487052
23.790000100	0.588487055
23.800000100	0.588487058
23.810000100	0.588487060
23.820000100	0.588487063
23.830000100	0.588487066
23.840000100	0.588487068
23.850000100	0.588487071
23.860000100	0.588487073
23.870000100	0.588487076
23.880000100	0.588487079
23.890000100	0.588487081
23.900000100	0.588487083
23.910000100	0.588487086
23.920000100	0.588487088
23.930000100	0.588487091
23.940000100	0.588487093
23.950000100	0.588487095
23.960000100	0.588487098
23.970000100	0.588487100
23.980000100	0.588487102
23.990000100	0.588487104
24.000000100	0.588487107
24.010000100	0.588487109
24.020000100	0.588487111
24.030000100	0.588487113
24.040000100	0.588487115
24.050000100	0.588487117
24.060000100	0.588487119
24.070000100	0.588487121
24.080000100	0.588487123
24.090000100	0.588487125
24.100000100	0.588487127
24.110000100	0.588487129
24.120000100	0.588487131
24.130000100	0.588487133
24.140000100	0.588487134
24.150000100	0.588487136
24.160000100	0.588487138
24.170000100	0.588487140
24.180000100	0.588487141
24.190000100	0.588487143
24.200000100	0.588487144
24.210000100	0.588487146
24.220000100	0.588487148
24.230000100	0.588487149
24.240000100	0.588487151
24.250000100	0.588487152
24.260000100	0.588487153
24.270000100	0.588487155
24.280000100	0.588487156
24.290000100	0.588487158
24.300000100	0.588487159
24.310000100	0.588487160
24.320000100	0.588487161
24.330000100	0.588487163
24.340000100	0.588487164
24.350000100	0.588487165
24.360000100	0.588487166
24.370000100	0.588487167
24.380000100	0.588487168
24.390000100	0.588487169
24.400000100	0.588487170
24.410000100	0.588487171
24.420000100	0.588487172
24.430000100	0.588487173
24.440000100	0.588487174
24.450000100	0.588487175
24.460000100	0.588487176
24.470000100	0.588487177
24.480000100	0.588487177
24.490000100	0.588487178
24.500000100	0.588487179
24.510000100	0.588487180
24.520000100	0.588487180
24.530000100	0.588487181
24.540000100	0.588487182
24.550000100	0.588487182
24.560000100	0.588487183
24.570000100	0.588487183
24.580000100	0.588487184
24.590000100	0.588487184
24.600000100	0.588487185
24.610000100	0.588487185
24.620000100	0.588487185
24.630000100	0.588487186
24.640000100	0.588487186
24.650000100	0.588487187
24.660000100	0.588487187
24.670000100	0.588487187
24.680000100	0.588487187
24.690000100	0.588487188
24.700000100	0.588487188
24.710000100	0.588487188
24.720000100	0.588487188
24.730000100	0.588487188
24.740000100	0.588487188
24.750000100	0.588487188
24.760000100	0.588487188
24.770000100	0.588487188
24.780000100	0.588487188
24.790000100	0.588487188
24.800000100	0.588487188
24.810000100	0.588487188
24.820000100	0.588487188
24.830000100	0.588487188
24.840000100	0.588487188
24.850000100	0.588487188
24.860000100	0.588487188
24.870000100	0.588487188
24.880000100	0.588487187
24.890000100	0.588487187
24.900000100	0.588487187
24.910000100	0.588487187
24.920000100	0.588487186
24.930000100	0.588487186
24.940000100	0.588487186
24.950000100	0.588487185
24.960000100	0.588487185
24.970000100	0.588487185
24.980000100	0.588487184
24.990000100	0.588487184
25.000000100	0.588487183
25.010000100	0.588487183
25.020000100	0.588487182
25.030000100	0.588487182
25.040000100	0.588487181
25.050000100	0.588487181
25.060000100	0.588487180
25.070000100	0.588487180
25.080000100	0.588487179
25.090000100	0.588487179
25.100000100	0.588487178
25.110000100	0.588487177
25.120000100	0.588487177
25.130000100	0.588487176
25.140000100	0.588487176
25.150000100	0.588487175
25.160000100	0.588487174
25.170000100	0.588487173
25.180000100	0.588487173
25.190000100	0.588487172
25.200000100	0.588487171
25.210000100	0.588487171
25.220000100	0.588487170
25.230000100	0.588487169
25.240000100	0.588487168
25.250000100	0.588487167
25.260000100	0.588487167
25.270000100	0.588487166
25.280000100	0.588487165
25.290000100	0.588487164
25.300000100	0.588487163
25.310000100	0.588487163
25.320000100	0.588487162
25.330000100	0.588487161
25.340000100	0.588487160
25.350000100	0.588487159
25.360000100	0.588487158
25.370000100	0.588487157
25.380000100	0.588487156
25.390000100	0.588487155
25.400000100	0.588487155
25.410000100	0.588487154
25.420000100	0.588487153
25.430000100	0.588487152
25.440000100	0.588487151
25.450000100	0.588487150
25.460000100	0.588487149
25.470000100	0.588487148
25.480000100	0.588487147
25.490000100	0.588487146
25.500000100	0.588487145
25.510000100	0.588487144
25.520000100	0.588487143
25.530000100	0.588487142
25.540000100	0.588487141
25.550000100	0.588487140
25.560000100	0.588487139
25.570000100	0.588487138
25.580000100	0.588487137
25.590000100	0.588487136
25.600000100	0.588487135
25.610000100	0.588487134
25.620000100	0.588487133
25.630000100	0.588487132
25.640000100	0.588487131
25.650000100	0.588487130
25.660000100	0.588487129
25.670000100	0.588487128
25.680000100	0.588487127
25.690000100	0.588487126
25.700000100	0.588487125
25.710000100	0.588487124
25.720000100	0.588487123
25.730000100	0.588487122
25.740000100	0.588487121
25.750000100	0.588487120
25.760000100	0.588487119
25.770000100	0.588487118
25.780000100	0.588487117
25.790000100	0.588487116
25.800000100	0.588487115
25.810000100	0.588487114
25.820000100	0.588487113
25.830000100	0.588487112
25.840000100	0.588487111
25.850000100	0.588487110
25.860000100	0.588487109
25.870000100	0.588487108
25.880000100	0.588487107
25.890000100	0.588487106
25.900000100	0.588487105
25.910000100	0.588487104
25.920000100	0.588487103
25.930000100	0.588487102
25.940000100	0.588487101
25.950000100	0.588487100
25.960000100	0.588487099
25.970000100	0.588487098
25.980000100	0.588487097
25.990000100	0.588487096
26.000000100	0.588487095
26.010000100	0.588487094
26.020000100	0.588487093
26.030000100	0.588487092
26.040000100	0.588487091
26.050000100	0.588487090
26.060000100	0.588487090
26.070000100	0.588487089
26.080000100	0.588487088
26.090000100	0.588487087
26.100000100	0.588487086
26.110000100	0.588487085
26.120000100	0.588487084
26.130000100	0.588487083
26.140000100	0.588487083
26.150000100	0.588487082
26.160000100	0.588487081
26.170000100	0.588487080
26.180000100	0.588487079
26.190000100	0.588487078
26.200000100	0.588487078
26.210000100	0.588487077
26.220000100	0.588487076
26.230000100	0.588487075
26.240000100	0.588487074
26.250000100	0.588487074
26.260000100	0.588487073
26.270000100	0.588487072
26.280000100	0.588487071
26.290000100	0.588487071
26.300000100	0.588487070
26.310000100	0.588487069
26.320000100	0.588487069
26.330000100	0.588487068
26.340000100	0.588487067
26.350000100	0.588487066
26.360000100	0.588487066
26.370000100	0.588487065
26.380000100	0.588487064
26.390000100	0.588487064
26.400000100	0.588487063
26.410000100	0.588487062
26.420000100	0.588487062
26.430000100	0.588487061
26.440000100	0.588487061
26.450000100	0.588487060
26.460000100	0.588487059
26.470000100	0.588487059
26.480000100	0.588487058
26.490000100	0.588487058
26.500000100	0.588487057
26.510000100	0.588487057
26.520000100	0.588487056
26.530000100	0.588487055
26.540000100	0.588487055
26.550000100	0.588487054
26.560000100	0.588487054
26.570000100	0.588487053
26.580000100	0.588487053
26.590000100	0.588487052
26.600000100	0.588487052
26.610000100	0.588487052
26.620000100	0.588487051
26.630000100	0.588487051
26.640000100	0.588487050
26.650000100	0.588487050
26.660000100	0.588487049
26.670000100	0.588487049
26.680000100	0.588487049
26.690000100	0.588487048
26.700000100	0.588487048
26.710000100	0.588487047
26.720000100	0.588487047
26.730000100	0.588487047
26.740000100	0.588487046
26.750000100	0.588487046
26.760000100	0.588487046
26.770000100	0.588487045
26.780000100	0.588487045
26.790000100	0.588487045
26.800000100	0.588487045
26.810000100	0.588487044
26.820000100	0.588487044
26.830000100	0.588487044
26.840000100	0.588487044
26.850000100	0.588487043
26.860000100	0.588487043
26.870000100	0.588487043
26.880000100	0.588487043
26.890000100	0.588487042
26.900000100	0.588487042
26.910000100	0.588487042
26.920000100	0.588487042
26.930000100	0.588487042
26.940000100	0.588487041
26.950000100	0.588487041
26.960000100	0.588487041
26.970000100	0.588487041
26.980000100	0.588487041
26.990000100	0.588487041
27.000000100	0.588487041
27.010000100	0.588487041
27.020000100	0.588487040
27.030000100	0.588487040
27.040000100	0.588487040
27.050000100	0.588487040
27.060000100	0.588487040
27.070000100	0.588487040
27.080000100	0.588487040
27.090000100	0.588487040
27.100000100	0.588487040
27.110000100	0.588487040
27.120000100	0.588487040
27.130000100	0.588487040
27.140000100	0.588487040
27.150000100	0.588487040
27.160000100	0.588487040
27.170000100	0.588487040
27.180000100	0.588487040
27.190000100	0.588487040
27.200000100	0.588487040
27.210000100	0.588487040
27.220000100	0.588487040
27.230000100	0.588487040
27.240000100	0.588487040
27.250000100	0.588487040
27.260000100	0.588487040
27.270000100	0.588487040
27.280000100	0.588487040
27.290000100	0.588487040
27.300000100	0.588487040
27.310000100	0.588487041
27.320000100	0.588487041
27.330000100	0.588487041
27.340000100	0.588487041
27.350000100	0.588487041
27.360000100	0.588487041
27.370000100	0.588487041
27.380000100	0.588487041
27.390000100	0.588487042
27.400000100	0.588487042
27.410000100	0.588487042
27.420000100	0.588487042
27.430000100	0.588487042
27.440000100	0.588487042
27.450000100	0.588487043
27.460000100	0.588487043
27.470000100	0.588487043
27.480000100	0.588487043
27.490000100	0.588487043
27.500000100	0.588487043
27.510000100	0.588487044
27.520000100	0.588487044
27.530000100	0.588487044
27.540000100	0.588487044
27.550000100	0.588487044
27.560000100	0.588487045
27.570000100	0.588487045
27.580000100	0.588487045
27.590000100	0.588487045
27.600000100	0.588487046
27.610000100	0.588487046
27.620000100	0.588487046
27.630000100	0.588487046
27.640000100	0.588487047
27.650000100	0.588487047
27.660000100	0.588487047
27.670000100	0.588487047
27.680000100	0.588487048
27.690000100	0.588487048
27.700000100	0.588487048
27.710000100	0.588487048
27.720000100	0.588487049
27.730000100	0.588487049
27.740000100	0.588487049
27.750000100	0.588487049
27.760000100	0.588487050
27.770000100	0.588487050
27.780000100	0.588487050
27.790000100	0.588487051
27.800000100	0.588487051
27.810000100	0.588487051
27.820000100	0.588487051
27.830000100	0.588487052
27.840000100	0.588487052
27.850000100	0.588487052
27.860000100	0.588487053
27.870000100	0.588487053
27.880000100	0.588487053
27.890000100	0.588487054
27.900000100	0.588487054
27.910000100	0.588487054
27.920000100	0.588487054
27.930000100	0.588487055
27.940000100	0.588487055
27.950000100	0.588487055
27.960000100	0.588487056
27.970000100	0.588487056
27.980000100	0.588487056
27.990000100	0.588487057
28.000000100	0.588487057
28.010000100	0.588487057
28.020000100	0.588487057
28.030000100	0.588487058
28.040000100	0.588487058
28.050000100	0.588487058
28.060000100	0.588487059
28.070000100	0.588487059
28.080000100	0.588487059
28.090000100	0.588487060
28.100000100	0.588487060
28.110000100	0.588487060
28.120000100	0.588487061
28.130000100	0.588487061
28.140000100	0.588487061
28.150000100	0.588487062
28.160000100	0.588487062
28.170000100	0.588487062
28.180000100	0.588487062
28.190000100	0.588487063
28.200000100	0.588487063
28.210000100	0.588487063
28.220000100	0.588487064
28.230000100	0.588487064
28.240000100	0.588487064
28.250000100	0.588487065
28.260000100	0.588487065
28.270000100	0.588487065
28.280000100	0.588487065
28.290000100	0.588487066
28.300000100	0.588487066
28.310000100	0.588487066
28.320000100	0.588487067
28.330000100	0.588487067
28.340000100	0.588487067
28.350000100	0.588487068
28.360000100	0.588487068
28.370000100	0.588487068
28.380000100	0.588487068
28.390000100	0.588487069
28.400000100	0.588487069
28.410000100	0.588487069
28.420000100	0.588487070
28.430000100	0.588487070
28.440000100	0.588487070
28.450000100	0.588487070
28.460000100	0.588487071
28.470000100	0.588487071
28.480000100	0.588487071
28.490000100	0.588487071
28.500000100	0.588487072
28.510000100	0.588487072
28.520000100	0.588487072
28.530000100	0.588487072
28.540000100	0.588487073
28.550000100	0.588487073
28.560000100	0.588487073
28.570000100	0.588487073
28.580000100	0.588487074
28.590000100	0.588487074
28.600000100	0.588487074
28.610000100	0.588487074
28.620000100	0.588487075
28.630000100	0.588487075
28.640000100	0.588487075
28.650000100	0.588487075
28.660000100	0.588487076
28.670000100	0.588487076
28.680000100	0.588487076
28.690000100	0.588487076
28.700000100	0.588487076
28.710000100	0.588487077
28.720000100	0.588487077
28.730000100	0.588487077
28.740000100	0.588487077
28.750000100	0.588487078
28.760000100	0.588487078
28.770000100	0.588487078
28.780000100	0.588487078
28.790000100	0.588487078
28.800000100	0.588487079
28.810000100	0.588487079
28.820000100	0.588487079
28.830000100	0.588487079
28.840000100	0.588487079
28.850000100	0.588487079
28.860000100	0.588487080
28.870000100	0.588487080
28.880000100	0.588487080
28.890000100	0.588487080
28.900000100	0.588487080
28.910000100	0.588487080
28.920000100	0.588487081
28.930000100	0.588487081
28.940000100	0.588487081
28.950000100	0.588487081
28.960000100	0.588487081
28.970000100	0.588487081
28.980000100	0.588487081
28.990000100	0.588487082
29.000000100	0.588487082
29.010000100	0.588487082
29.020000100	0.588487082
29.030000100	0.588487082
29.040000100	0.588487082
29.050000100	0.588487082
29.060000100	0.588487083
29.070000100	0.588487083
29.080000100	0.588487083
29.090000100	0.588487083
29.100000100	0.588487083
29.110000100	0.588487083
29.120000100	0.588487083
29.130000100	0.588487083
29.140000100	0.588487083
29.150000100	0.588487083
29.160000100	0.588487084
29.170000100	0.588487084
29.180000100	0.588487084
29.190000100	0.588487084
29.200000100	0.588487084
29.210000100	0.588487084
29.220000100	0.588487084
29.230000100	0.588487084
29.240000100	0.588487084
29.250000100	0.588487084
29.260000100	0.588487084
29.270000100	0.588487084
29.280000100	0.588487084
29.290000100	0.588487084
29.300000100	0.588487085
29.310000100	0.588487085
29.320000100	0.588487085
29.330000100	0.588487085
29.340000100	0.588487085
29.350000100	0.588487085
29.360000100	0.588487085
29.370000100	0.588487085
29.380000100	0.588487085
29.390000100	0.588487085
29.400000100	0.588487085
29.410000100	0.588487085
29.420000100	0.588487085
29.430000100	0.588487085
29.440000100	0.588487085
29.450000100	0.588487085
29.460000100	0.588487085
29.470000100	0.588487085
29.480000100	0.588487085
29.490000100	0.588487085
29.500000100	0.588487085
29.510000100	0.588487085
29.520000100	0.588487085
29.530000100	0.588487085
29.540000100	0.588487085
29.550000100	0.588487085
29.560000100	0.588487085
29.570000100	0.588487085
29.580000100	0.588487085
29.590000100	0.588487085
29.600000100	0.588487085
29.610000100	0.588487085
29.620000100	0.588487085
29.630000100	0.588487085
29.640000100	0.588487085
29.650000100	0.588487085
29.660000100	0.588487085
29.670000100	0.588487085
29.680000100	0.588487085
29.690000100	0.588487085
29.700000100	0.588487085
29.710000100	0.588487085
29.720000100	0.588487085
29.730000100	0.588487085
29.740000100	0.588487085
29.750000100	0.588487085
29.760000100	0.588487085
29.770000100	0.588487085
29.780000100	0.588487085
29.790000100	0.588487084
29.800000100	0.588487084
29.810000100	0.588487084
29.820000100	0.588487084
29.830000100	0.588487084
29.840000100	0.588487084
29.850000100	0.588487084
29.860000100	0.588487084
29.870000100	0.588487084
29.880000100	0.588487084
29.890000100	0.588487084
29.900000100	0.588487084
29.910000100	0.588487084
29.920000100	0.588487084
29.930000100	0.588487084
29.940000100	0.588487084
29.950000100	0.588487084
29.960000100	0.588487083
29.970000100	0.588487083
29.980000100	0.588487083
29.990000100	0.588487083
30.000000100	0.588487083
